Sample_ID	ama1_162N	ama1_167T	ama1_172G	ama1_173N	ama1_174Q	ama1_175Y	ama1_187K	ama1_189L	ama1_189P	ama1_190M	ama1_196N	ama1_197Q	ama1_199R	ama1_200D	ama1_201F	ama1_204N	ama1_206K	ama1_207Y	heome-a_115K	heome-a_116Y	heome-a_117S	heome-a_126N	heome-a_85T	heome-a_89N	heome-a_92R	heome-a_93M	heome-a_94N	heome-a_95R	heome-b_1696N	heome-b_1700T	heome-b_1702K	heome-b_1710I	heome-c_606V	heome-c_619G	heome-c_620N	heome-c_621H	heome-c_623N	heome-d_370G	heome-d_372Q	heome-d_386S	heome-d_400Q	heome-e_179K	heome-e_193H	heome-f_472N	heome-f_479S	heome-f_480M	heome-g_829V	heome-h_1036N	heome-h_1050V	heome-h_1058V
AMJI031333	1	1	0	1	1	0	1	1	0	1	0	1	1	0	1	0	1	1	0	0	0	1	1	0	0	1	1	0	0	0	0	0	1	0	1	1	0	0	1	1	1	1	0	1	0	0	0	-1	-1	-1
AMJI031334	1	1	0	1	1	0	1	1	0	1	0	1	1	1	1	1	0	1	0	0	0	1	0	0	0	1	1	0	0	0	0.232724384	0.232724384	1	0	1	1	0	0	1	1	0.909509707	1	1	1	0	1	0	1	1	0
AMJI031335	1	0	1	1	1	0	0	1	0	0	0	0	1	1	1	1	0	1	0	0	0	1	0	0	0	1	1	0	0	0	1	1	1	0	1	1	0	0	1	1	1	1	1	1	0	1	0	1	1	0
AMJI031336	0.021074452	1	0	1	1	0	1	1	0	0.978925548	0	0.021074452	1	0.021074452	0	0.021074452	0	1	0	0	0	1	0.96397718	0	0	1	1	0	0	0	0.937278107	1	1	0	0.955654864	0.955654864	0	0	1	1	0.958228485	0.039448798	0.039448798	1	0	1	0.945604662	0	0	0
AMJI031337	1	1	0	1	0	0	0	1	0	1	0	0	1	0	1	0	0	1	0	0	0	1	1	1	0	1	1	0	0	0	0	1	1	0	1	1	0	0	1	1	1	0	0	1	0	1	1	0.054054054	0.054054054	0
AMJI031338	1	1	0	1	1	0	1	1	0	1	0	1	1	1	1	1	0	1	0	0	0	1	1	0	0	1	1	0	0	0	1	1	1	0	1	1	0	0	1	1	0	0	0	1	0	0	1	0	0	0
AMJI031339	0.876934414	1	0	1	0.974699091	0	0.974699091	1	0	1	0	0.851633505	1	0	0.876934414	0	0.851633505	1	0	0	0	1	1	0.03712036	0	1	1	0	0	0	0.266024888	1	1	0	1	1	0	0	1	1	1	0	0	1	0	0	0.159719661	0	0	0
AMJI031340	1	0	1	1	1	0	0	1	0	0	1	0	1	1	1	1	0	1	0	0	0	1	1	0	0	1	1	0	0.051974099	0	0.948025901	1	1	0	1	0	0.039298299	0	1	1	0	0.977043414	0.977043414	1	0	0	0.031612311	0.087425796	0.087425796	0
AMJI031341	0	1	0	1	1	0	1	1	0	1	0	0	1	0	0	0	0	1	0	0	0	1	1	0	0	1	1	0	0	0	1	1	1	0	1	1	0	0	1	1	1	0	0	1	0	1	1	0	0	0
AMJI031342	1	1	0	1	0	0	0	1	0	1	0	0	1	0	1	0	0	1	0	0	0	1	0	0	0	1	1	0	0	0	1	1	1	0	1	1	0	0	1	1	1	0	0	1	0	1	1	0	0	0
AMJI031343	0.306988353	0.693011647	0.306988353	1	1	0	0.693011647	1	0	0.693011647	0	0	1	0.306988353	0.306988353	0.306988353	0	1	0	0	0	1	1	0	0	1	1	0	0	0	0	1	1	0	1	0.041029562	0	0	1	1	1	0.512668464	0.512668464	1	0	0.681818182	0	0.961398878	1	0
AMJI031344	1	1	0	1	0	0	0	1	0	1	0	0	1	0	1	0	0	1	0	0	0	1	1	0	0	1	0	0	0	0	0	1	1	0	1	1	0	0	1	1	1	0	0	1	0	0	1	0	0	0
AFWO3422	1	0	1	1	1	0	0	1	0	0	0	0	1	1	1	1	0	1	0	0	0	1	0	0	0	1	1	0	-1	-1	-1	-1	1	0	1	1	0	-1	-1	-1	-1	0	0	-1	-1	-1	0	1	1	0
AFWO3423	1	1	0	1	0	0	0	1	0	1	0	0	1	0	1	0	0	1	0	0	0	1	0	0	0	1	1	0	0	0	0	1	1	0	1	1	0	0	1	1	1	1	0	1	0	1	1	0	0	0
AFWO3424	1	0	1	1	1	0	0	1	0	0	0.966125198	0	1	1	1	1	0	1	0	0	0	1	0.96250219	0	0	1	1	0	0.978716841	0	0.021283159	1	1	0	1	0.026344676	0.973655324	0	1	1	0	0	0	1	0	0.041966427	0	1	1	0
AFWO3425	1	0	1	1	1	0	0	1	0	0	1	0	1	1	1	1	0	1	0	0	0	1	1	0	0	1	1	0	1	0	0	1	1	0	1	0	1	0	1	1	0	0	0	-1	-1	-1	0	1	1	0
AFWO3426	0	1	0	1	1	0	1	1	0	1	0	0	1	0	0	0	0	1	0	0	0	1	1	1	0	1	1	0	0	0	1	1	1	0	1	0	0	0	1	1	1	1	0	1	0	1	0	1	1	0
AFWO3427	1	1	0	1	0	0	0	1	0	1	0	0	1	0	1	0	0	1	0	0	0	1	1	0	1	1	1	0	0	0	0	1	1	0	1	1	0	0	1	1	1	0	0	1	0	1	1	0	0	0
AFWO3428	1	1	0	1	0	0	0	1	0	1	0	0	1	0	1	0	0	1	0	0	0	1	1	0	1	1	1	0	0	0	0	1	1	0	1	1	0	0	1	1	1	0	0	1	0	1	1	0	0	0
AFWO3429	1	1	0	1	0	0	0	1	0	1	0	0	1	0	1	0	0	1	0	0	0	1	1	0	1	1	1	0	0	0	0	1	1	0	1	1	0	0	1	1	1	0	0	1	0	1	1	0	0	0
AFWO3430	1	1	0	1	0	0	0	1	0	1	0	0	1	0	1	0	0	1	0	0	0	1	1	0	1	1	1	0	0	0	0	1	1	0	1	1	0	0	1	1	1	0	0	1	0	1	1	-1	-1	-1
AFWO3431	1	1	0	1	0	0	0	1	0	1	0	0	1	0	1	0	0	1	0	0	0	1	0	0	0	1	1	0	0	0	0	1	1	0	1	1	0	-1	-1	-1	-1	1	0	1	0	1	1	0	0	0
AFWO3432	1	0	1	1	1	0	0	1	0	0	1	0	1	1	1	1	0	1	0	0	0	1	1	0	0	1	1	0	1	0	0	1	1	0	1	0	1	-1	-1	-1	-1	0	0	-1	-1	-1	0	1	1	0
AFWO3433	1	1	0	1	0	0	0	1	0	1	0	0	1	0	1	0	0	1	0	0	0	1	1	0	1	1	1	0	0	0	0	1	1	0	1	1	0	0	1	1	1	0	0	1	0	1	1	-1	-1	-1
AFWO3434	0	1	0	1	1	0	1	1	0	1	0	0	1	0	0	0	0	1	0	0	0	1	1	1	0	1	1	0	0	0	1	1	1	0	1	0	0	0	1	1	1	1	0	1	0	1	0	1	1	0
AFWO3435	1	0	1	1	1	0	0	1	0	0	0	0	1	1	1	1	0	1	0	0	0	1	0	0	0	1	1	0	0	0	1	1	1	0	1	1	0	0	1	1	1	0	0	1	0	1	0	0.978332239	0.978332239	0
AFWO3436	0	1	0	1	1	0	1	1	0	1	0	0	1	0	0	0	0	1	0	0	0	1	1	1	0	1	1	0	0	0	1	1	1	0	1	0	0	0	1	1	1	1	0	1	0	1	0	1	1	0
AFWO3437	1	1	0	1	0.880843786	0	0.557012543	1	0	0.119156214	0	0.880843786	1	0.880843786	0.119156214	0.880843786	0	1	0	0	0	1	1	0	0	1	1	0	-1	-1	-1	-1	1	0	1	0	0	-1	-1	-1	-1	-1	-1	-1	-1	-1	-1	0	0	0
AFWO3438	1	1	0	1	0	0	0	1	0	1	0	0	1	0	1	0	0	1	0	0	0	1	1	0	1	1	1	0	0	0	0	1	1	0	1	1	0	-1	-1	-1	-1	0	0	-1	-1	-1	1	0	0	0
AFWO3439	0.57680764	1	0.424556617	1	1	0.424556617	0.152251023	0.57680764	0.42319236	1	0.42319236	0.57680764	1	0.575443383	0.57680764	0.575443383	0.424556617	1	0	0	0	1	1	0.410122164	0.589877836	1	1	0	0	0	0.386385896	1	1	0	1	0.849832527	0	0	1	0.804389929	0.565526146	0.843933725	0	1	0	0.708306912	0.870786517	0.972274732	0.972274732	0
AFWO3440	0.559393429	1	0.405223252	1	1	0.405223252	0.154170177	0.559393429	0.440606571	1	0.440606571	0.559393429	1	0.594776748	0.559393429	0.594776748	0.405223252	1	0	0	0	1	1	0.376416363	0.623583637	1	1	0	0	0	0.383912249	1	1	0	1	0.830066641	0	-1	-1	-1	-1	0.849002849	0	-1	-1	-1	0.868032396	0.971283784	0.971283784	0
AFWO3441	0.568899688	1	0.424158278	1	1	0.424158278	0.144741409	0.568899688	0.431100312	1	0.431100312	0.568899688	1	0.575841722	0.568899688	0.575841722	0.424158278	1	0	0	0	1	1	0.394753816	0.605246184	1	1	0	0	0	0.378751501	1	1	0	1	0.840435177	0	0	1	0.781804734	0.562130178	0.813492063	0	1	0	0.700144509	0.873994638	0.977285964	0.977285964	0
AFWO3442	0.625746877	1	0.438348724	1	1	0.438348724	0.187398153	0.625746877	0.374253123	1	0.374253123	0.625746877	1	0.561651276	0.625746877	0.561651276	0.438348724	1	0	0	0	1	1	0.395789474	0.604210526	1	1	0	0	0	0.376502003	1	1	0	1	0.825152806	0	0	1	0.786429366	0.563959956	0.827167743	0	1	0	0.637316562	0.827637691	0.902439024	0.902439024	0
AFWO3443	0.556034483	1	0.426724138	1	1	0.426724138	0.129310345	0.556034483	0.443965517	1	0.443965517	0.556034483	1	0.573275862	0.556034483	0.573275862	0.426724138	1	0	0	0	1	1	0.408265213	0.591734787	1	1	0	0	0	0.397911833	1	1	0	1	0.829868477	0	-1	-1	-1	-1	0.836286499	0	1	0	0.678929766	0.851654216	1	1	0
AFWO3444	0.575163399	1	0.418300654	1	1	0.418300654	0.156862745	0.575163399	0.424836601	1	0.424836601	0.575163399	1	0.581699346	0.575163399	0.581699346	0.418300654	1	0	0	0	1	1	0.388130164	0.611869836	1	1	0	-1	-1	-1	-1	1	0	1	0.833529239	0	-1	-1	-1	-1	0.816644114	0	-1	-1	-1	0.846994536	0.976953125	0.976953125	0
AMHA1701	-1	-1	-1	-1	-1	-1	-1	-1	-1	-1	-1	-1	-1	-1	-1	-1	-1	-1	0	0	0	1	1	1	0	1	1	1	-1	-1	-1	-1	1	0	1	1	0	-1	-1	-1	-1	-1	-1	-1	-1	-1	-1	-1	-1	-1
AMHA1702	0	1	0	1	1	0	1	1	0	1	0	0	1	0	0	0	0	1	0	0	0	1	1	0	0	1	1	0	0	0	1	1	1	0	1	1	0	-1	-1	-1	-1	0	0	-1	-1	-1	1	1	1	0
AMHA1703	1	1	0	1	0	0	0	1	0	1	0	0	1	0	1	0	0	1	0	0	0	1	1	1	0	1	1	1	0	0	0	1	1	0	1	1	0	0	1	1	0	1	0	1	0	1	0	-1	-1	-1
AMHA1704	1	0	1	1	1	0	0	1	0	0	1	0	1	1	1	1	0	1	0	0	0	1	0.932109308	0.932109308	0	1	1	0.932109308	-1	-1	-1	-1	1	0	0.853181077	0.853181077	0	-1	-1	-1	-1	0	0	-1	-1	-1	1	-1	-1	-1
AMHA1705	-1	-1	-1	-1	-1	-1	-1	-1	-1	-1	-1	-1	-1	-1	-1	-1	-1	-1	0	0	0	1	1	1	0	1	1	0	-1	-1	-1	-1	1	0	0	0	0	-1	-1	-1	-1	-1	-1	-1	-1	-1	-1	-1	-1	-1
AMHA1706	0	1	0	1	1	0	0	0	1	1	0	0	1	0	0	0	0	0	0	0	0	1	0	0	0	1	1	0	0	1	0	1	1	0	1	1	0	-1	-1	-1	-1	1	0	-1	-1	-1	1	1	1	0
AMHA1707	1	1	0	1	0	0	0	1	0	1	0	0	1	0	1	0	0	1	0	1	0	1	1	0	0	1	1	0	0	0	1	1	1	0	1	1	0	-1	-1	-1	-1	0	0	-1	-1	-1	0	1	1	0
AMHA1708	0	1	0	1	1	0	1	1	0	1	0	0	1	0	0	0	0	1	0	0	0	1	0	0	0	1	1	0	0	0	1	1	1	0	1	1	0	0	1	1	1	0	0	1	0	1	0	1	1	0
AMHA4853	0	1	0	1	1	0	0	0	1	1	0	0	1	0	0	0	0	0	0	0	0	1	0	0	0	1	1	0	0	1	0	1	1	0	1	1	0	0	1	1	1	1	0	1	0	0	1	1	1	0
AMHA4854	1	0	1	1	1	0	0	1	0	0	1	0	1	1	1	1	0	1	0	0	0	1	0	0	0	1	1	0	0	0	1	1	1	0	1	1	0	0	1	1	1	0	0	1	0	1	0	1	1	0
AMHA4855	0	1	0	1	1	0	1	1	0	1	0	0	1	0	0	0	0	1	0	0	0	1	0	0	0	1	1	0	0	0	1	1	1	0	1	1	0	0	1	1	1	0	0	1	0	1	0	1	1	0
AMHA4856	0	1	0	1	1	0	1	1	0	1	0	0	1	0	0	0	0	1	0	0	0	1	0.944244604	0	0	1	1	0	0	0	0.070261438	1	1	0	1	1	0	-1	-1	-1	-1	0	1	-1	-1	-1	1	-1	-1	-1
AMHA4857	1	1	0	1	1	0	1	1	0	1	0	1	1	1	1	1	0	1	0	0	0	1	1	0	0	1	1	0	0	0	1	1	1	0	1	0	0	0	1	1	1	0	1	1	0	0	0	0	0	0
TGSH4238	1	0	1	1	1	0	0	1	0	0	1	0	1	1	1	1	0	1	0	0	0	1	1	1	0	1	1	1	0	0	0	0	1	0	1	1	0	0	1	1	1	0	0	-1	-1	-1	1	0	0	0
AMHA485	1	1	1	0	1	0	0	1	0	0	0	1	1	0	1	1	0	1	0	0	0	1	1	0	0	1	1	0	0	0	1	1	1	0	1	1	0	0	0	1	1	0	1	1	0	0	1	0	0	0
TGSH4239	1	0	1	1	1	0	0	1	0	0	0	0	1	1	1	1	0	1	0	0	0	1	1	0	0	1	0	0	0	0	1	1	1	0	1	1	0	0	1	1	1	1	1	1	0	1	0	-1	-1	-1
TGSH4240	0.549763033	1	0	1	0.450236967	0	0.450236967	1	0	1	0	0	1	0	0.549763033	0	0	1	0	0	0	1	1	0	0	1	0.321529745	0	0	0	1	1	0.912681159	0	1	0.912681159	0	-1	-1	-1	-1	0.124168514	0	-1	-1	-1	1	1	1	0
TGSH4241	1	1	0	1	1	0	1	1	0	1	0	1	1	1	1	1	0	1	0	0	0	1	1	0	0	1	0	0	0	0	0	1	1	0	0	0	0	0	1	1	1	0	0	1	0	0.038167939	0	-1	-1	-1
TGSH4242	1	1	0	1	1	0	0	1	0	1	0	1	1	0	1	0	1	1	0	0	0	1	1	0	0	1	1	0	0	0	0	0	1	0	1	0	0	0	1	1	1	0	0	1	0	1	0	0	0	0
TGSH4243	0	1	0	1	1	0	1	1	0	1	0	0	1	0	0	0	0	1	0	0	0	1	0	0	0	1	1	0	0	0	1	1	1	0	1	1	0	0	1	1	1	1	1	1	0	0	0	0.037676609	0.037676609	0
TGSH4244	0.337917088	1	0	1	0.662082912	0	0.662082912	1	0	1	0	0	1	0	0.337917088	0	0	1	0	0	0	1	1	0	0.510545455	1	1	0	0	0	0.697533889	1	1	0	1	1	0	0	1	1	1	1	0	1	0	1	0.073117761	0	0	0
TGSH4245	1	1	0	1	0	0	0	1	0	1	0	0	1	0	1	0	0	1	0	0	0	1	1	1	0	1	1	0	0	0	0	1	1	0	1	1	0	0	1	1	1	0	0	1	0	0	0	0	0	0
TGSH4246	1	1	0	1	1	0	1	1	0	1	0	1	1	0	1	0	1	1	0	0	0	1	1	0	0	1	1	0	0	1	0	1	1	0	1	1	0	-1	-1	-1	-1	0	0	1	0	1	1	1	1	0
TGSH4247	1	1	0	1	0	0	0	1	0	1	0	0	1	0	1	0	0	1	0	0	0	1	0	0	0	1	1	0	0	0	1	1	1	0	1	1	0	0	1	1	1	0	0	1	0	1	0	1	1	0
TGSH4248	1	0.796529968	0.203470032	1	0.444794953	0	0	0.758675079	0.241324921	0.796529968	0	0.241324921	1	0.203470032	1	0.203470032	0.241324921	1	0	0	0	0.766338924	0.4626952	0.233661076	0	1	1	0	0	0	1	1	1	0	0.550089445	0.200357782	0	-1	-1	-1	-1	-1	-1	-1	-1	-1	0.155279503	-1	-1	-1
TGSH4249	1	1	0	1	0	0	0	1	0	1	0	0	1	0	1	0	0	1	0	0	0	1	1	0	0	1	0.338706689	0	0.510359869	0	0.510359869	1	1	0	1	0.469989827	0	0	1	1	1	1	0.472578763	1	0	0.610714286	0	0	0	0
TGSH4250	1	1	0	1	1	0	0	1	0	1	0	1	1	0	1	0	1	1	0	0	0	1	0	0	0	1	1	0	0	0	1	1	1	0	1	0	0	0	1	1	1	0	0	1	0	1	1	1	1	0
TGSH4251	1	0.178682635	0.821317365	1	1	0	0	1	0	0.178682635	0.821317365	0.178682635	1	0.821317365	1	0.821317365	0.178682635	1	0	0	0	1	0.208788898	0	0	1	0.791211102	0	0.152976847	0	1	1	1	0	0.93096598	0.93096598	0	0	1	1	1	0	0	1	0	0	1	0	0	0
TGSH4252	1	1	1	0	1	0	0	1	0	0	0	1	1	0	1	1	0	1	0	0	0	1	1	0	0	1	1	0	0	0	1	1	1	0	1	1	0	0	0	1	1	0	1	1	0	0	1	0	0	0
TGSH4253	1	1	0	1	0	0	0	1	0	1	0	0	1	0	1	0	0	1	0	0	0	1	0	0	0	1	1	0	0	0	1	1	1	0	1	1	0	0	1	1	1	0	0	1	0	0	0	1	1	0
TGSH4254	1	0	1	1	1	0	0	1	0	0	0	0	1	1	1	1	0	1	0	0	0	1	0	0	0	1	1	0	0	0	1	1	1	0	1	1	0	-1	-1	-1	-1	1	0	-1	-1	-1	0	1	1	0
TGSH4255	1	1	0	1	0	0	0	1	0	1	0	0	1	0	1	0	0	1	0	0	0	1	1	1	0	1	1	0	0	0	1	1	1	0	1	1	0	0	1	1	1	0	0	1	0	1	1	1	1	0
TGSH4256	1	0	1	1	1	0	0	1	0	0	0	0	1	1	1	1	0	1	0	0	0	1	0	0	0	1	1	0	0	0	1	1	1	0	1	1	0	0	1	1	1	0	0	1	0	0	0	0.034707158	0.034707158	0
TGSH4257	1	0	1	1	1	0	0	1	0	0	0	0	1	1	1	1	0	1	0	0	0	1	0	0	0	1	1	0	0	1	0	1	1	0	1	1	0	0	1	1	1	1	1	1	0	1	0	0	0	0
TGSH4258	0.969372129	0.697396631	0.302603369	1	1	0	0.697396631	1	0	0.697396631	0.302603369	0.66676876	1	0.302603369	0.969372129	0.302603369	0.66676876	1	0	0	0	1	1	0	0.829273845	1	1	0	0	0.658156753	0.341843247	1	1	0	1	1	0	0	1	1	1	0.508613618	0.290812141	1	0	0.975941423	0.870892701	1	1	0
SILR5500	1	0	1	1	1	0	0	1	0	0	0	0	1	1	1	1	0	1	0	0	0	1	1	1	1	1	1	0	0	0	1	1	1	0	1	1	0	0	1	1	1	-1	-1	1	0	1	1	1	1	0
SILR5501	1	0	1	1	1	0	0	1	0	0	0	0	1	1	1	1	0	1	0	0	0	1	1	1	1	1	1	0	0	0	1	1	1	0	1	1	0	0	1	1	1	-1	-1	1	0	1	1	1	1	0
SILR5502	1	0	1	1	1	0	0	1	0	0	0	0	1	1	1	1	0	1	0	0	0	1	1	1	1	1	1	0	0	0	1	1	1	0	1	1	0	0	1	1	1	0	0	1	0	1	1	1	1	0
SILR5503	1	0	1	1	1	0	0	1	0	0	0	0	1	1	1	1	0	1	0	0	0	1	1	1	1	1	1	0	0	0	1	1	1	0	1	1	0	0	1	1	1	-1	-1	1	0	1	1	1	1	0
SILR5504	1	1	0	1	1	0	1	1	0	1	0	1	1	1	1	1	0	1	0	0	0	1	0	0	0	1	1	0	0	0	0	1	1	0	1	1	0	0	1	1	1	0	0	1	0	1	1	-1	-1	-1
SILR5505	1	0	1	1	1	0	0	1	0	0	0	0	1	1	1	1	0	1	0	0	0	1	1	0	0	0.029700413	0.970299587	0	0	1	0	1	1	0	1	1	0	0	1	1	1	1	0	1	0	1	1	1	1	0
SILR5506	1	0	1	1	1	0	0	1	0	0	0	0	1	1	1	1	0	1	0	0	0	1	1	0.24527745	0	1	0.24527745	0	0	0	0.225020991	1	1	0	1	1	0	0	1	1	1	0	0	1	0	0.462585034	0.835375952	1	1	0
SILR5507	0.028813172	0.971186828	0.028813172	1	1	0	0.971186828	1	0	0.971186828	0	0	1	0.028813172	0.028813172	0.028813172	0	1	0	0	0	1	1	1	0	1	1	0	0	0	0.080906149	1	1	0	1	1	0	0	1	1	1	0	0	-1	-1	-1	0	-1	-1	-1
SILR5508	0	1	0	1	1	0	1	1	0	1	0	0	1	0	0	0	0	1	0	0	0	1	1	1	0	1	1	0	0	0	0	1	1	0	1	1	0	0	1	1	1	0	0	-1	-1	-1	0	-1	-1	-1
SILR5509	-1	-1	-1	-1	-1	-1	-1	-1	-1	-1	-1	-1	-1	-1	-1	-1	-1	-1	-1	-1	-1	-1	-1	-1	-1	-1	-1	-1	-1	-1	-1	-1	1	0	1	0	0	-1	-1	-1	-1	-1	-1	-1	-1	-1	1	-1	-1	-1
SILR5510	1	0	1	1	1	0	0	1	0	0	0	0	1	1	1	1	0	1	0	0	0	1	1	0	0	0	1	0	0	1	0	1	1	0	1	1	0	0	1	1	1	1	0	1	0	1	1	1	1	0
SILR5511	0	1	0	1	1	0	1	1	0	1	0	0	1	0	0	0	0	1	0	0	0	1	1	1	0	1	1	0	0	0	0	1	1	0	1	1	0	-1	-1	-1	-1	0	0	-1	-1	-1	0	-1	-1	-1
SILR5512	0.073752711	0.926247289	0.073752711	1	1	0	0.926247289	1	0	0.926247289	0	0	1	0.073752711	0.073752711	0.073752711	0	1	0	0	0	1	1	0	0	1	1	0	0	0	0	0	1	0	1	1	0	-1	-1	-1	-1	0	0	-1	-1	-1	-1	0.642857143	0.642857143	0
SILR5513	1	0	1	1	1	0	0	1	0	0	0	0	1	1	1	1	0	1	0	0	0	1	0.961859356	0	0	0.061978546	1	0	0	1	0	1	1	0	0.962533452	0.937109723	0	0	1	1	1	1	0	1	0	1	0.935291613	1	1	0
SILR5514	1	0	1	1	1	0	0	1	0	0	0	0	1	1	1	1	0	1	0	0	0	1	1	1	0	1	1	0	0	0	1	1	1	0	1	1	0	0	1	1	1	0	0	1	0	1	0	1	1	0
SILR5515	1	1	0	1	1	0	1	1	0	1	0	1	1	0	1	0	1	1	0	0	0	1	1	1	0	1	1	0	0	0.869020501	0.130979499	1	1	0	1	0	0	0	1	1	1	0.3359375	0.6640625	1	0	0.847090663	-1	-1	-1	-1
SILR5516	1	0	1	1	1	0	0	1	0	0	0	0	1	1	1	1	0	1	0	0	0	1	1	0	0	0	1	0	0	1	0	1	1	0	1	1	0	-1	-1	-1	-1	1	0	-1	-1	-1	1	1	1	0
SILR5517	0	1	0	1	1	0	1	1	0	1	0	0	1	0	0	0	0	1	0	0	0	1	1	1	0	1	1	0	0	0	0	1	1	0	1	1	0	0	1	1	1	0	0	1	0	0	0	0	0	0
SILR5518	1	0	1	1	1	0	0	1	0	0	0	0	1	1	1	1	0	1	0	0	0	1	1	0	0	0	1	0	0	1	0	1	1	0	1	1	0	0	1	1	1	1	0	1	0	1	1	1	1	0
SILR5519	0.030262909	0.969737091	0.030262909	1	1	0	0.969737091	1	0	0.969737091	0	0	1	0.030262909	0.030262909	0.030262909	0	1	0	0	0	1	1	1	0	1	1	0	0	0	0.049015411	1	1	0	1	1	0	0	1	1	1	0	0	1	0	0.050789293	0	-1	-1	-1
SILR5520	1	0	1	1	1	0	0	1	0	0	0	0	1	1	1	1	0	1	0	0	0	1	1	1	0	1	1	0	0	0	1	1	1	0	1	1	0	0	1	1	1	0	0	1	0	1	0	1	1	0
SILR5521	1	0	1	1	1	0	0	1	0	0	0	0	1	1	1	1	0	1	0	0	0	1	1	1	0	1	1	0	0	0	1	1	1	0	1	1	0	0	1	1	1	0	0	1	0	1	0	1	1	0
Phem12	0.08091749	0.91908251	0.08091749	1	1	0	0.91908251	1	0	0.91908251	0.08091749	0	1	0.08091749	0.08091749	0.08091749	0	1	0	0	0	1	0.969178082	0	0	0.92221135	0.108610568	0	0	0	0.885548343	1	1	0	1	1	0	0	1	1	1	1	0	1	0	0.123728814	0.09382151	1	1	0
Phem13	1	1	0	1	1	0	1	1	0	1	0	1	1	1	1	1	0	1	0	0	0	1	0	0	0	1	1	0	0	0	1	1	1	0	1	1	0	0	1	0	1	0	0	1	0	1	0	1	1	0
Phem14	1	1	0	1	1	0	1	1	0	1	0	1	1	1	1	1	0	1	0	0	0	1	0	0	0	1	1	0	0	0	1	1	1	0	1	1	0	0	1	1	1	1	0	1	0	0	1	1	1	0
Phem15	1	0.722567288	0.277432712	1	1	0	0.722567288	1	0	0.722567288	0	0.722567288	1	1	1	1	0	1	0	0	0	1	0	0	0	1	1	0	0	0	0.683018868	1	1	0	1	1	0	0	1	1	1	0.281368821	1	1	0	0.847798742	1	1	1	0
DILE6074	1	1	0	1	1	0	1	1	0	1	0	1	1	0	1	0	1	1	0	0	0	1	0	0	0	1	1	0	0	0	0	1	1	0	1	1	0	0	1	1	1	0	0	1	0	0	0	1	1	0
DILE6076	1	0	1	1	1	0	0	1	0	0	0	0	1	1	1	1	0	1	0	0	0	1	0	0	0	1	1	0	0	0	1	1	1	0	1	1	0	0	1	1	1	1	0	1	0	1	1	1	1	0
DILE6078	1	0	1	1	1	0	0	1	0	0	0	0	1	1	1	1	0	1	0	0	0	1	0.624710425	0	0	0.375289575	1	0	0	0.329309512	0.670690488	1	1	0	1	1	0	0	1	1	0.204930663	0.816941852	0	1	0	1	1	1	1	0
DILE6079	1	1	0	1	0	0	0	1	0	1	0	0	1	0	1	0	0	1	0	0	0	1	0	0	0	1	1	0	0	0	0	1	1	0	1	1	0	0	1	1	0	1	0	1	0	1	0	1	1	0
DILE6080	-1	-1	-1	-1	-1	-1	-1	-1	-1	-1	-1	-1	-1	-1	-1	-1	-1	-1	0	0	0.432477125	1	0.806416051	0	0	1	0.567522875	0	-1	-1	-1	-1	1	0	1	0	1	0	1	1	1	-1	-1	-1	-1	-1	0	-1	-1	-1
DILE6081	1	0	1	1	1	0	0	1	0	0	0	0	1	1	1	1	0	1	0	0	0	1	1	0	0	0	1	0	0	0	1	1	1	0	1	1	0	0	1	1	1	0	0	1	0	1	1	1	1	0
DILE6082	1	0	1	1	1	0	0	1	0	0	0	0	1	1	1	1	0	1	0	0	0	1	1	0	0	0	1	0	0	0	1	1	1	0	1	1	0	0	1	1	1	0	0	1	0	1	1	1	1	0
DILE6083	1	0	1	1	1	0	0	1	0	0	0	0	1	1	1	1	0	1	0	0	0	1	1	0	0	0	1	0	0	1	0	1	1	0	1	1	0	0	1	1	1	1	0	1	0	1	1	1	1	0
DILE6084	1	0	1	1	1	0	0	1	0	0	0	0	1	1	1	1	0	1	0	0	0	1	1	0	0	0	1	0	0	1	0	1	1	0	1	1	0	0	1	1	1	1	0	1	0	1	1	1	1	0
DILE6085	1	1	0	1	0.969030521	0	0	1	0	1	0	0.969030521	1	0	1	0	0.969030521	1	0	0	0	1	1	0.28073535	0	0.28073535	1	0	0	0	1	1	0.028839044	0.971160956	0.971160956	0	0	0	0.792879418	1	1	0.314136126	0.314136126	1	0	1	0.375274003	1	1	0
DILE6086	1	0	1	1	1	0	0	1	0	0	1	0	1	1	1	1	0	1	0	0	0	1	1	0	0	1	1	0	0	0	1	1	1	0	1	1	0	0	1	1	1	0	0	1	0	0	0	0.060240964	0.060240964	0.0232358
DILE6087	1	0.753064799	0.246935201	1	1	0	0.753064799	1	0	0.753064799	0	0.753064799	1	0.246935201	1	0.246935201	0.753064799	1	0	0	0	1	1	0	0	0.516309963	1	0	0	1	0	1	1	0	1	1	0	0	1	1	1	0.831157528	0	1	0	1	1	0.872941176	0.872941176	0
DILE6088	-1	-1	-1	-1	-1	-1	-1	-1	-1	-1	-1	-1	-1	-1	-1	-1	-1	-1	0	0	0	1	0	0	0	1	1	0	-1	-1	-1	-1	1	0	1	0	0	0	1	1	1	0	1	-1	-1	-1	0	-1	-1	-1
DILE6089	1	0	1	1	1	0	0	1	0	0	1	0	1	1	1	1	0	1	-1	-1	-1	-1	-1	-1	-1	-1	-1	-1	-1	-1	-1	-1	-1	-1	-1	-1	-1	-1	-1	-1	-1	-1	-1	-1	-1	-1	-1	-1	-1	-1
DILE6090	1	1	0	1	0.155860044	0	0	1	0	1	0	0.155860044	1	0	1	0	0.155860044	1	0	0.133103184	0	1	1	0	0	1	0.133103184	0	0	0	0.830495094	1	0.47485858	0.52514142	1	0	0	0	1	1	0.241057543	0.17	0.17	1	0	0.908557047	0.8459268	-1	-1	-1
DILE6091	0	1	0	1	1	0	1	1	0	1	0	0	1	1	1	0	0	1	0	1	0	1	1	0	0	1	1	0	0	0	0	1	1	0	1	1	0	0	1	1	1	1	0	1	0	1	1	1	1	0
DILE6092	1	1	0	1	1	0	1	1	0	1	0	1	1	0	1	0	1	1	0	0	0	1	1	0	0	1	1	0	0	0	0	0.022403983	1	0	1	1	0	0	1	1	1	1	0	1	0	0.058414465	1	1	1	0
DILE6093	0	1	0	1	1	0	1	1	0	1	0	0	1	0	0	0	0	1	0	0	0	1	1	0	0	1	1	0	0	0	0.030480061	1	1	0	1	0.026359896	0	0	1	1	1	0	0	1	0	1	0.031682641	1	1	0
DILE6094	1	0	1	1	1	0	0	1	0	0	0	0	1	1	1	1	0	1	0	0	0	1	0	0	0	1	1	0	0	0	1	1	1	0	1	1	0	0	1	1	0	0	0	1	0	1	1	1	1	0
DILE6095	1	0	1	1	1	0	0	1	0	0	0	0	1	1	1	1	0	1	0	0	0	1	1	0	0	0.303707979	1	0	0	0.686290468	0	0.686290468	1	0	1	1	0	0	1	1	1	0.653061224	0	1	0	0.794994041	1	0.974025974	0.974025974	0
DILE6096	-1	-1	-1	-1	-1	-1	-1	-1	-1	-1	-1	-1	-1	-1	-1	-1	-1	-1	-1	-1	-1	-1	-1	-1	-1	-1	-1	-1	-1	-1	-1	-1	-1	-1	-1	-1	-1	-1	-1	-1	-1	-1	-1	-1	-1	-1	-1	-1	-1	-1
DILE6097	1	0	1	1	1	0	0	1	0	0	0	0	1	1	1	1	0	1	0	0	0	1	1	0	0	0.442096365	0.557903635	0	0	1	0	1	1	0	1	0.899714829	0.100285171	-1	-1	-1	-1	0.642066421	0.357933579	1	0	1	0.707589286	-1	-1	-1
DILE6098	1	1	0	1	1	0	1	1	0	1	0	1	1	0	1	0	1	1	0	0	0	1	1	0	0	1	1	0	0	1	0	1	1	0	1	1	0	0	1	1	1	0	0	1	0	0	0	1	1	0
DILE6099	0	1	0	1	1	0	1	1	0	1	0	0	1	0	0	0	0	1	0	0	0	1	1	0	0	1	1	0	0	0	0	1	1	0	1	1	0	0	1	1	0	1	0	1	0	0	0	1	1	0
DILE6071	0	1	0	1	1	0	1	1	0	1	0	0	1	1	1	0	0	1	0	1	0	1	1	0	0	1	1	0	0	0	0	1	1	0	1	1	0	0	1	1	1	1	0	1	0	1	1	1	1	0
DILE6072	0	1	0	1	1	0	1	1	0	1	0	0	1	1	1	0	0	1	0	1	0	1	1	0	0	1	1	0	0	0	0	1	1	0	1	1	0	0	1	1	1	1	0	1	0	1	1	1	1	0
DILE6073	1	1	0	1	1	0	0.721333186	0.721333186	0.278666814	0.278666814	0	1	1	0.721333186	0.278666814	0.721333186	0.278666814	1	0	0	0	1	0	0	0	1	1	0	0	0	0.518308957	1	1	0	1	0.411696806	0	0	1	1	0.957615894	-1	-1	-1	-1	-1	-1	1	1	0
AMWO031582	1	1	0	1	1	0	1	1	0	1	0	1	1	1	1	1	0	1	0	0	0	1	1	0	0	1	1	0	-1	-1	-1	-1	1	0	1	1	0	-1	-1	-1	-1	-1	-1	-1	-1	-1	-1	-1	-1	-1
AMWO031583	1	1	0	1	0	0	0	1	0	1	0	0	1	0	1	0	0	1	0	0	0	1	1	0	0	1	0	0	0	0	1	1	1	0	1	1	0	0	1	1	1	1	1	-1	-1	-1	0	-1	-1	-1
AMWO031584	1	1	0	1	0	0	0	1	0	1	0	0	1	0	1	0	0	1	0	0	0	1	0.946207818	0	0	1	0.053792182	0	0	0	0.973100202	1	1	0	1	0.920194508	0	0	1	1	1	0.962199313	0.962199313	1	0	0	0.090501792	-1	-1	-1
AMWO031585	1	1	0	1	1	0	1	1	0	1	0	1	1	1	1	1	0	1	0	0	0	1	1	0	0	1	1	0	0	0	1	1	1	0	1	1	0	0	1	1	1	0	0	1	0	0	0	0	0	0
AMWO031586	1	1	0	1	1	0	1	1	0	1	0	1	1	1	1	1	0	1	0	0	0	1	1	0	0	1	1	0	0	0	0.968596454	1	1	0	1	0.968553459	0	0	1	1	1	0	0	1	0	0	0.027815653	0	0	0
AMWO031587	1	1	0	1	1	0	1	1	0	1	0	1	1	1	1	1	0	1	0	0	0	1	1	0	0	1	1	0	0	0	0.974461407	1	1	0	1	1	0	0	1	1	1	0	0	1	0	0	0	0	0	0
DILE6100	0.671071953	0.472624292	0.527375708	1	1	0	0.381371932	0.90874764	0.09125236	0.420180407	0	0.143696245	1	0.579819593	0.618628068	0.579819593	0.09125236	1	0	0	0	1	0.60903836	0	0	0.748817656	1	0	0	0	0.938122025	1	-1	-1	-1	-1	-1	0	1	1	1	-1	-1	-1	-1	-1	0.20487106	1	1	0
GAAB2301	1	0.643167773	0.356832227	1	1	0	0.643167773	1	0	0	0.356832227	0.643167773	1	1	0	1	0	0.643167773	0	0	0	1	1	0.053057554	0	1	1	0.892386091	0	0	0.438163601	1	1	0	1	0	0.080466048	0.775553214	1	1	1	0.430327869	0.430327869	1	0	1	0.545961003	-1	-1	-1
GAAB2302	0.145838509	0.854161491	0.145838509	1	1	0	0.854161491	1	0	0.854161491	0	0	1	0.145838509	0.145838509	0.145838509	0	1	0	0	0	1	1	0	0	1	1	0	0	0	0.86036961	1	1	0	1	0	0.443877551	0	1	1	1	1	1	1	0	1	0.811557789	-1	-1	-1
GAAB2303	1	1	1	0	1	0	0	1	0	0	1	0	0	1	1	0	0	0	0	0	0	1	1	1	0	1	1	0	0	0	0	1	1	0	1	1	0	0	1	0	1	1	1	1	0	1	0	1	1	0
GAAB2304	1	1	1	1	1	1	0.352945892	0.352945892	0	1	0	0	1	0	0.647054108	0	0.647054108	0.647054108	1	0	0	1	1	1	0	1	1	0	0	0	1	1	1	0.849388798	1	0	0	0	0.77432627	0.22567373	1	0	0	1	0.376416539	0	0	1	1	0
GAAB2305	1	1	0	1	1	0	1	1	0	0	0	1	1	1	0	1	0	1	0	0	0	1	1	0	0	1	1	0.905089871	0	0	0.132281553	1	1	0	0.965914025	0.902301346	0.024750326	-1	-1	-1	-1	0.021746186	0.021746186	1	0	1	0.122844828	0.964197531	0.964197531	0
GAAB2306	1	1	1	1	1	1	1	1	0	1	0	0	1	0	0	0	0	0	0.948934731	0	0	1	0.976158269	0.948934731	0	1	1	0	0	0	1	1	1	0	1	0	1	0	1	1	1	0	0	1	0	1	1	1	1	0
GAAB2307	1	1	0	1	0	0	0	1	0	1	0	0	1	0	1	0	0	1	0	0	0	1	1	0	0	1	0	0	0	0	1	1	1	0	1	1	0	0	1	1	1	1	1	1	0	0	0	0.030141844	0.030141844	0
GAAB2308	1	1	0	1	1	0	0	1	0	1	0	0	1	1	1	1	0	0	0	0	0	1	1	0	0	1	1	0	0	0	0	1	1	0.057310513	1	0.193545232	0	0	0.646284649	1	1	0.110413396	1	1	0	1	0.922476933	1	1	0
GAAB2309	1	1	0	1	1	0	1	0	0	1	0	0	1	0	0	0	0	0	0	0	0	1	1	0	0	1	1	1	0	0	1	1	1	0	1	1	0	0	1	1	1	0	0	1	0	0	1	1	1	0
GAAB2310	1	1	0	1	0.90663199	0	0.059427828	0.940572172	0	1	0	0.847204161	1	0	0.940572172	0	0.847204161	0.940572172	0	0	0	1	1	0	0	1	0.883045653	0.883045653	0	0	0	1	1	0	1	0	1	0	0	1	1	0	1	1	0	0	0.248868778	1	1	0
GAAB2311	1	0.048447961	0.951552039	1	1	0	0.048447961	1	0	0	0	0.048447961	1	1	0.951552039	1	0	1	0.875890985	0	0	1	1	1	0	1	1	0	0	0	0.062667063	1	1	0	1	0	0	0	0	1	1	0	1	1	0	0	0	-1	-1	-1
GAAB2312	0.930408882	0.857839155	0.551584078	0.936095315	1	0.345518549	0.279989169	0.598158679	0.056322773	0.58353642	0.063904685	0.339832115	1	0.455456269	0.656106147	0.455456269	0.474952613	0.897102627	0	0	0	1	1	0.023034237	0	0.956863156	1	0	0.059175134	0	0.640765093	1	1	0	1	1	0	0	1	0.91487069	0.918103448	0.031578947	1	1	0	0.897129187	0.067915691	1	1	0
SNDI071886	-1	-1	-1	-1	-1	-1	-1	-1	-1	-1	-1	-1	-1	-1	-1	-1	-1	-1	-1	-1	-1	-1	-1	-1	-1	-1	-1	-1	-1	-1	-1	-1	-1	-1	-1	-1	-1	-1	-1	-1	-1	-1	-1	-1	-1	-1	-1	-1	-1	-1
SNDI071887	1	0	1	1	1	0	0	1	0	0	1	0	1	1	1	1	0	1	0	0	0	1	0	0	0	1	1	0	0	0	1	1	1	0	1	1	0	0	1	1	1	1	0	1	0	1	1	1	1	0
SNDI071888	1	1	0	1	1	0	1	1	0	1	0	1	1	1	1	1	0	1	0	0	0	1	0.97841484	0	0	1	0.02158516	0	0	0	0	1	1	0	1	1	0	0	1	0	1	1	1	1	0	1	1	1	1	0
SNDI071889	0	1	0	1	1	0	1	1	0	1	0	0	1	0	0	0	0	1	0	0	0	1	1	0	0	0	1	0	0	1	0	1	1	0	1	0.029952138	0	0	1	0	1	1	0	1	0	1	0.975331714	1	1	0
SNDI071891	1	1	0	1	1	0	1	1	0	1	0	1	1	1	1	1	0	1	0	0	0	1	1	0	0	1	0	0	0	0	0	1	1	0	1	1	0	0	1	0	1	1	1	1	0	1	1	1	1	0
SNDI071892	1	1	0	1	1	0	1	1	0	1	0	1	1	1	1	1	0	1	0	0	0	1	1	0	0	1	0	0	0	0	0	1	1	0	1	1	0	0	1	0	1	1	1	1	0	1	1	1	1	0
SNDI071893	0.512275144	0.732322661	0.267677339	1	0.755402195	0	0.487724856	1	0	0.732322661	0	0	1	0.267677339	0.512275144	0.267677339	0	1	0	0	0	1	0	0	0	1	1	0	1	0	0	1	1	0	1	1	0	0	1	1	1	0.909574468	0	1	0	1	1	0.488636364	0.488636364	0
SNDI071894	1	1	0.030535295	0.969464705	1	0	0.969464705	1	0	0.969464705	0.030535295	0.969464705	1	0.030535295	0.969464705	0.030535295	0.969464705	0.969464705	0	0	0	1	1	0	0	1	1	1	0	0.977672209	0.022327791	1	1	0	1	1	0	0	1	1	0.959088252	0	0	1	0	1	0	1	1	0
SNDI071895	1	1	0	1	1	0	1	1	0	1	0	1	1	1	1	1	0	1	0	0	0	1	1	0	0	1	0	0	0	0	0	1	1	0	1	1	0	0	1	0	1	1	1	1	0	1	1	1	1	0
SNDI071896	1	0	1	1	1	0	0	1	0	0	0	0	1	1	1	1	0	1	0	0	0	1	1	1	0	1	1	0	0	0	1	1	1	0	1	1	0	0	1	1	1	1	0	1	0	1	1	0	1	0
SNDI071897	1	0	1	1	1	0	0	1	0	0	0	0	1	1	1	1	0	1	0	0	0	1	0.020966272	0	0	1	0.979033728	0	0	0	0	1	1	0	1	1	0	0	1	0	1	0.969440832	0.030559168	1	0	1	1	0	0	0
SNDI071898	1	0	1	1	1	0	0	1	0	0	0	0	1	1	1	1	0	1	0	0	0	1	1	0	0	1	1	1	0	0	0.044468547	1	1	0	1	1	0	0	1	0.04775023	1	0	0	1	0	1	1	-1	-1	-1
SNDI071899	1	1	0	1	1	0	1	1	0	1	0	1	1	1	1	1	0	1	0	0	0	1	1	0	0	1	0	0	0	0	0	1	1	0	1	1	0	0	1	1	1	1	1	1	0	1	1	1	1	0
SNDI071900	1	0	1	1	1	0	0	1	0	0	0	0	1	1	1	1	0	1	0	0	0	1	0	0	0	1	1	0	0	0	0.848214286	1	1	0	1	1	0	0	1	0	1	1	1	-1	-1	-1	1	0.043189369	1	0
SNDI071901	1	0.134234618	0.865765382	1	0.865765382	0	0	1	0	0.134234618	0	0	1	0.865765382	1	0.865765382	0	1	0	0	0	1	0	0	0	1	1	0	0	0	0.151766659	1	1	0	1	0.972782503	0.027217497	0	1	0.12367374	1	1	0.029668412	1	0	0	0.952293578	1	1	0
SNDI071902	1	0	1	1	1	0	0	1	0	0	0	0	1	1	1	1	0	1	0	0	0	1	1	1	0	1	1	0	0	0	0	1	1	0	1	1	0	0	1	1	1	0	0	1	0	1	1	1	1	0
SNDI071903	0.979802321	0.020197679	0.979802321	1	1	0	0.020197679	1	0	0.020197679	0	0	1	0.979802321	0.979802321	0.979802321	0	1	0	0	0	1	0	0	0	1	1	0	0	0	1	1	1	0	1	1	0	0	1	1	1	1	0	1	0	1	1	1	1	0
SNDI071904	1	1	0	1	0	0	0	1	0	1	0	0	1	0	1	0	0	1	0	0	0	1	0.936126089	0.085441725	0	1	0.149315637	0	0	0	0	0	1	0	1	1	0	0	1	1	0	0.940509915	0.654390935	1	0	0	1	-1	-1	-1
SNDI071905	1	0	1	1	1	0	0	1	0	0	0	0	1	1	1	1	0	1	0	0	0	1	0	0	0	1	1	0	0	0	0	1	1	0	1	1	0	0	1	0	1	0	1	1	0	1	0	0	0	0
SNDI071906	1	0	1	1	1	0	0	1	0	0	0	0	1	1	1	1	0	1	0	0	0	1	0.064006515	0.064006515	0	1	1	0	0	0	0.062554873	1	1	0	1	1	0	0	1	0.06042966	1	0	0.945661214	1	0	1	0	0.465007776	0.465007776	0
SNDI071907	1	1	0	1	1	0	1	1	0	1	0	1	1	1	1	1	0	1	0	0	0	1	0	0	0	1	1	0	0	0	0	1	1	0	1	1	0	0	1	1	1	0	0	1	0	1	1	-1	-1	-1
SNDI071908	1	0	1	1	1	0	0	1	0	0	0	0	1	1	1	1	0	1	0	0	0	1	1	0	0	1	0	0	0	0	1	1	1	0	1	1	0	-1	-1	-1	-1	0.930270714	0	1	0	1	1	1	1	0
SNDI071909	1	0.087117904	0.912882096	1	0.912882096	0	0	1	0	0.087117904	0	0	1	0.912882096	1	0.912882096	0	1	0	0	0	1	1	0	0	1	1	0	0	0	0.120155039	1	1	0	1	1	0	0	1	0.100463679	1	1	0	1	0	0	0	1	1	0
SNDI071910	1	0	1	1	1	0	0	1	0	0	0	0	1	1	1	1	0	1	0	0	0	1	0	0	0	1	1	0	0	0	0	1	1	0	1	1	0	0	1	1	1	1	0	1	0	1	1	1	1	0
TGYE3689	1	0	1	1	1	0	0	1	0	0	0	0	1	1	1	1	0	1	0	0	0	1	0	0	0	1	1	0	0	0	1	1	1	0	1	1	0	0	1	1	1	1	0	1	0	1	0	1	1	0
TGYE3690	1	1	0	1	0	0	0	1	0	1	0	0	1	0	1	0	0	1	0	1	0	1	1	0	0	1	1	0	0	0	0	0	1	0	1	1	0	0	1	1	0	0	0	1	0	0	1	0	0	0
TGYE3691	0.465053243	0.534946757	0.465053243	1	1	0	0.534946757	1	0	0.534946757	0.026718296	0	1	0.465053243	0.465053243	0.465053243	0	1	0	0	0	1	0.076104746	0	0	1	1	0	0	1	0	1	1	0	1	0.903928956	0	0	1	1	1	0.960185185	0	1	0	1	1	1	1	0
TGYE3692	1	0.153733743	0.846266257	1	1	0	0.153733743	0.846266257	0	0.153733743	0.846266257	0	1	0.846266257	0.846266257	0.846266257	0	0.846266257	0	0	0	1	1	0	0	1	1	0	0	0	1	1	1	0	1	0.825343511	0	0	1	1	1	-1	-1	1	0	1	1	-1	-1	-1
TGYE3693	1	0	1	1	1	0	0	1	0	0	1	0	1	1	1	1	0	1	0	0	0	1	0	0	0	1	1	0	0	0	1	1	1	0	1	1	0	0	1	1	1	0	0	1	0	1	1	1	1	0
TGYE3694	1	0	1	1	1	0	0	1	0	0	0.069411486	0	1	1	1	1	0	1	0	0	0	1	0.783866576	0	0	1	1	0	0	0	0.162565905	1	1	0	1	0	1	0	1	1	1	0.909506619	0	1	0	0.917092429	1	0.454989532	0.454989532	0
TGYE3695	1	0	1	1	1	0	0	1	0	0	0.140737341	0	1	1	1	1	0	1	0	0	0	1	0.800229621	0.800229621	0	1	1	0	0	0.184171378	0	1	1	0	1	1	0	0	1	1	1	0.973966942	0	1	0	1	0.022167989	1	1	0
TGYE3696	1	0	1	1	1	0	0	1	0	0	0.854651163	0	1	1	1	1	0	1	0	0	0	1	0	0	0	1	1	0	0	1	0	1	1	0	1	1	0	0	1	1	1	0.918912113	0	1	0	1	0.146375792	0.579457364	0.579457364	0
TGYE3697	1	0	1	1	1	0	0	1	0	0	0	0	1	1	1	1	0	1	0	0	0	1	0	0	0	1	1	0	0	0	1	1	1	0	1	1	0	0	1	1	1	1	0	1	0	1	0	1	1	0
TGYE3698	1	0	1	1	1	0	0	1	0	0	0.302723385	0	1	1	1	1	0	1	0	0	0	1	0	0	0	1	1	0	0	0	0.69347159	1	1	0	1	1	0	0	1	1	1	1	0	1	0	1	0	1	1	0
TGYE3699	1	0	1	1	1	0	0	1	0	0	0.32964009	0	1	1	1	1	0	1	0	0	0	1	1	0.3024	0	1	1	0	0	0	0	1	1	0	1	0.304048892	0.695951108	0	1	1	1	1	0.949297189	1	0	1	0.709152799	0.872146119	0.872146119	0
TGYE3700	0	1	0	1	1	0	1	1	0	1	0	0	1	0	0	0	0	1	0	0	0	1	1	0.956271186	0	1	1	0	0	0.560733147	0	1	0.724062251	0	1	0.724062251	0	0	1	1	0.349301676	0.533841754	0.047664442	1	0	0.569518717	0.033546813	1	1	0
TGYE3701	0	1	0	1	1	0	1	1	0	1	0	0	1	0	0	0	0	1	0	0	0	1	0	0	0	1	1	0	1	0	0	1	1	0	1	1	0	0	1	1	1	1	0	1	0	1	0	1	1	0
TGYE3702	1	0	1	1	1	0	0	1	0	0	1	0	1	1	1	1	0	1	0	0	0	1	1	0	0	1	1	0	0	0	0.256600542	1	1	0	1	1	0	0	1	1	1	0	0	1	0	1	0	1	1	0
TGYE3703	0.136087883	1	0	1	0.863912117	0	0.863912117	1	0	1	0	0	1	0	0.136087883	0	0	1	0	0.070318283	0	1	1	0.091783864	0	1	1	0	0	0	0	1	1	0	1	1	0	0	1	1	0.831313131	-1	-1	1	0	0.604651163	0.05775076	-1	-1	-1
TGYE3704	1	1	0	1	0	0	0	1	0	1	0	0	1	0	1	0	0	1	0	0	0	1	1	0	0	1	1	0	0	0	1	1	1	0	1	1	0	0	1	1	1	1	0	1	0	1	0	1	1	0
TGYE3705	1	0	1	1	1	0	0	1	0	0	1	0	1	1	1	1	0	1	0	0	0	1	1	0	0	1	1	0	0	1	0	1	1	0	1	0	0	0	1	1	0	1	1	1	0	1	1	0	0	0
TGYE3706	1	0	1	1	1	0	0	1	0	0	1	0	1	1	1	1	0	1	0	0	0	1	1	0	0	1	1	0	0	1	0	1	1	0	1	0	0	0	1	1	0	1	1	1	0	1	1	0	0	0
TGYE3707	1	0	1	1	1	0	0	1	0	0	1	0	1	1	1	1	0	1	0	0	0	1	1	0	0	1	1	0	0	1	0	1	1	0	1	0	0	0	1	1	0	1	1	1	0	1	1	0	0	0
TGYE3708	1	0.856871588	0.143128412	1	0.143128412	0	0	1	0	0.856871588	0.143128412	0	1	0.143128412	1	0.143128412	0	1	0	0	0	1	1	0	0	1	1	0	0	0.158709016	0.841290984	1	1	0	1	0.935461957	0	0	1	1	0.877114587	1	0.177998311	1	0	1	0.182864883	0.979420732	0.979420732	0
TGYE3709	1	0	1	1	1	0	0	1	0	0	0.97327653	0	1	1	1	1	0	1	0	0	0	1	0.971721982	0.971721982	0	1	1	0	0	0	0.073935264	1	1	0	1	1	0	0	1	1	0.051696082	1	1	1	0	1	0.948524861	1	1	0
TGYE3710	1	1	1	0	1	0	0	1	0	0	1	0	1	1	0	1	0	0	0	0	0	1	0.459238163	0.226771093	0	1	1	0	-1	-1	-1	-1	1	0	1	1	0	0	1	1	1	0	0	-1	-1	-1	0.496408415	1	0.76875	0
Phem8	1	1	0	1	1	0	1	1	0	1	0	1	1	0	1	0	1	1	0	0	0	1	0	0	0	1	1	0	0	0	1	1	1	0	1	1	0	0	1	1	1	0	1	0	0	1	1	1	1	0
Phem9	1	0	1	1	1	0	0	1	0	0	0	0	1	1	1	1	0	1	0	0	0	1	0	0	0	1	1	0	0	0	0	1	1	0	1	0	1	0	1	0	1	1	0	1	0	1	1	0	1	0
Phem10	1	1	0	1	1	0	1	1	0	1	0	1	1	1	1	1	0	1	0	0	0	1	1	1	0	1	1	0	0	0	0	1	1	0	1	1	0	0	1	1	1	1	0	1	0	1	0	1	1	0
Phem11	1	0.703178207	0.296821793	1	0.296821793	0	0	1	0	0.703178207	0.296821793	0	1	0.296821793	1	0.296821793	0	1	0	0	0	1	0	0	0	1	1	0	0	0	0	1	1	0	1	1	0	0	1	1	1	0.287564767	0	1	0	1	1	0.866666667	0.866666667	0
SEBI1501	1	0	1	1	1	0	0	1	0	0	0	0	1	1	1	1	0	1	0	0	0	1	1	0	0	1	1	1	0	1	0	1	1	0	1	1	0	0	1	1	1	1	0	1	0	0	0	0	0	0
SEBI1502	1	0	1	1	1	0	0	1	0	0	0	0	1	1	1	1	0	1	0	0	0	1	0	0	0	1	1	0	1	0	0	1	1	0	1	1	0	0	1	1	1	1	1	1	0	1	0	1	1	0
SEBI1503	1	0	1	1	1	0	0	1	0	0	0	0	1	1	1	1	0	1	0	0	0	1	1	0	0	1	0	0	1	0	1	1	1	0	1	1	0	0	1	1	1	1	0	1	0	0	0	0	0	0
SEBI1504	1	1	0	1	1	0	1	1	0	1	0	1	1	1	1	1	0	1	0	0	0	1	0	0	0	1	1	0	0	0	0	1	1	0	1	1	0	0	1	1	1	0	0	1	0	1	0	0	1	0
SEBI1505	-1	-1	-1	-1	-1	-1	-1	-1	-1	-1	-1	-1	-1	-1	-1	-1	-1	-1	-1	-1	-1	-1	-1	-1	-1	-1	-1	-1	-1	-1	-1	-1	-1	-1	-1	-1	-1	-1	-1	-1	-1	-1	-1	-1	-1	-1	-1	-1	-1	-1
SEBI1506	1	0.979038047	0.020961953	1	0.020961953	0	0	1	0	0.979038047	0	0	1	0.020961953	1	0.020961953	0	1	0	0	0	1	0	0	0	1	1	0	0	0.970667144	0.029332856	1	1	0	1	1	0	0	1	0.023704299	1	-1	-1	1	0	0.021699819	0.937556425	1	1	0
SEBI1507	1	0	1	1	1	0	0	1	0	0	0	0	1	1	1	1	0	1	0	0	0	1	0.977763385	0	0	1	0.022236615	0	1	0	1	1	1	0	1	1	0	0	1	1	1	0	1	1	0	1	0.020569422	1	1	0
SEBI1508	1	1	0	1	1	0	1	1	0	1	0	1	1	1	1	1	0	1	0	0	0	1	0	0	0	1	1	0	0	0	0	1	1	0	1	1	0	0	1	1	1	0	0	1	0	1	0	-1	-1	-1
SEBI1509	1	1	0	1	1	0	1	1	0	1	0	1	1	1	1	1	0	1	0	0	0	1	1	0	1	1	1	0	0	0	0	1	1	0	1	1	0	0	1	1	0	1	0	1	0	1	1	1	1	0
SEBI1510	1	0	1	1	1	0	0	1	0	0	0	0	1	1	1	1	0	1	0	0	0	1	1	0	0	1	1	1	0	1	0	1	1	0	1	1	0	0	1	1	1	1	0	1	0	0	0	0	0	0
SEBI1511	1	0.747993827	0.252006173	1	0.252006173	0	0	1	0	0.747993827	0.252006173	0	1	0.252006173	1	0.252006173	0	1	0	0	0	1	0.717633275	0	0	1	1	0.717633275	0.749026328	0	0	1	1	0	1	0.927559306	0	0	1	0	1	0	0	1	0	0.479773463	1	0.848335388	0.848335388	0
SEBI1512	1	0	1	1	1	0	0	1	0	0	1	0	1	1	1	1	0	1	0	0	0	1	1	0	0	0	1	0	0	1	0	1	1	0	1	1	0	0	1	1	1	1	0	1	0	1	1	1	1	0
SEBI1513	1	0	1	1	1	0	0	1	0	0	0	0	1	1	1	1	0	1	0	0	0	1	1	0	0	1	0	0	0	0	0	1	1	0	1	1	0	0	1	1	1	0	0	1	0	0	0	1	1	0
SEBI1514	1	1	0	1	1	0	0	1	0	1	0	1	1	0	1	0	1	1	0	0	0	1	1	0	0	1	1	0	0	0	0	1	1	0	1	1	0	0	1	1	1	1	0	1	0	1	0.975219709	1	1	0
SEBI1515	1	0	1	1	1	0	0	1	0	0	0	0	1	1	1	1	0	1	0	0	0	1	1	1	1	1	1	0	0	0	0	1	1	0	1	1	0	0	1	1	1	0	0.027459954	1	0	0	0	1	1	0
SEBI1516	1	0	1	1	1	0	0	1	0	0	0	0	1	1	1	1	0	1	0	0	0	1	0.887020709	0	0	1	0.454992823	0.342013533	0.23676762	0	1	1	1	0	1	1	0	0	1	1	1	0.757507265	0.610913788	1	0	1	1	1	1	0
SEBI1517	-1	-1	-1	-1	-1	-1	-1	-1	-1	-1	-1	-1	-1	-1	-1	-1	-1	-1	-1	-1	-1	-1	-1	-1	-1	-1	-1	-1	-1	-1	-1	-1	-1	-1	-1	-1	-1	-1	-1	-1	-1	-1	-1	-1	-1	-1	-1	-1	-1	-1
SEBI1518	1	0	1	1	1	0	0	1	0	0	1	0	1	1	1	1	0	1	0	0	0	1	1	1	0	1	1	0	0	0	0	1	1	0	1	0	1	0	1	1	0	1	0	1	0	1	1	1	1	0
SEBI1519	-1	-1	-1	-1	-1	-1	-1	-1	-1	-1	-1	-1	-1	-1	-1	-1	-1	-1	-1	-1	-1	-1	-1	-1	-1	-1	-1	-1	-1	-1	-1	-1	-1	-1	-1	-1	-1	-1	-1	-1	-1	-1	-1	-1	-1	-1	-1	-1	-1	-1
SEBI1520	1	0.111128852	0.888871148	1	1	0	0.111128852	1	0	0.111128852	0	0.111128852	1	1	1	1	0	1	0	0	0	1	1	0	0.736111111	1	0.736111111	0	0.965522645	0	1	1	1	0	1	1	0	0	1	1	0.200310961	0.731381286	0	1	0	1	1	0.727819549	0.727819549	0
SEBI1521	1	0	1	1	1	0	0	1	0	0	0	0	1	1	1	1	0	1	0	0	0	1	0.516289834	0	0	1	1	0.516289834	0	0	1	1	1	0	1	1	0	0	1	1	1	1	1	1	0	1	0.51925609	1	1	0
SEBI1522	1	1	0	1	0	0	0	1	0	1	0	0	1	0	1	0	0	1	0	0	0	1	0.975206612	0	0	1	1	0.938475666	0	0	0	1	1	0	1	0.973193078	0	0	1	1	1	-1	-1	0	0	1	0.083181321	-1	-1	-1
SEBI1523	1	0.934790803	0.065209197	1	0.705239352	0	0.380701093	1	0	0.675461741	0.259329061	0.380701093	0.740670939	0.705239352	1	0.44591029	0	0.740670939	0	0	0	1	1	0	0	1	0.364674534	0	0.269277108	0	0.213253012	1	1	0	1	1	0	0	1	0.853333333	1	0.440364093	0	1	0	0.33703247	0.267418508	0.596253902	0.737773153	0
SEBI1524	1	0	1	1	1	0	0	1	0	0	0	0	1	1	1	1	0	1	0	0	0	1	1	0	0	1	0	0	0	0.967700369	0	1	1	0	1	1	0	0	1	0	1	0	1	1	0	1	1	1	1	0
SEBI1525	1	0	1	1	1	0	0	1	0	0	0	0	1	1	1	1	0	1	0	0	0	1	1	0	0	1	0	0	1	0	1	1	1	0	1	1	0	0	1	1	1	0	1	1	0	1	0	1	1	0
SEBI1526	1	0.898344243	0.101655757	1	0.101655757	0	0	1	0	0.898344243	0	0	1	0.101655757	1	0.101655757	0	1	0	0	0	1	1	0	0	1	0.811494859	0.811494859	0	0.181621801	0.818378199	1	1	0	1	1	0	0	1	0.116317304	0.883682696	0.85622443	0.14377557	1	0	1	0.927276272	1	1	0
SEBI1527	1	1	0	1	1	0	1	1	0	1	0	1	1	1	1	1	0	1	0	0	0	1	1	0	0	1	0	0	0	0	1	1	1	0	1	1	0	0	1	1	1	0	0	1	0	0	0	1	1	0
SEBI1528	0.91023166	0.324002574	0.726190476	0.94980695	1	0	0.212033462	0.974581725	0.025418275	0.151544402	0.05019305	0.184041184	1	0.848455598	0.737773488	0.848455598	0.061776062	0.94980695	0	0	0	0.979015643	0.739412438	0.136589088	0.057993132	1	0.958794353	0.339565052	0.059495192	0	0.789663462	1	1	0	0.876934552	0.558829014	0.106843185	0.017158545	1	0.936856555	0.927247769	0.636259977	0.781071836	1	0	0.930209372	0.631381215	0.909657321	0.862928349	0
SEBI1529	1	0	1	1	1	0	0	1	0	0	0	0	1	1	1	1	0	1	0	0	0	1	1	0	0	1	0	0	0	0	0	1	1	0	1	1	0	0	1	1	1	0	0	1	0	0	0	1	1	0
SEBI1530	1	0	1	1	1	0	0	1	0	0	0	0	1	1	1	1	0	1	0	0	0	1	0.931609675	0	0	0.104809564	1	0	0	0	1	1	1	0	0.979735388	0.942555686	0	0	1	0.977093772	1	0	0.027932961	1	0	1	0.938596491	0.978535354	0.978535354	0
SEBI1531	1	0	1	1	1	0	0	1	0	0	0	0	1	1	1	1	0	1	0	0	0	1	0	0	0	1	1	0	0	0	1	1	1	0	1	1	0	0	1	1	0	1	0	1	0	1	0	1	1	0
SEBI1532	1	0	1	1	1	0	0	1	0	0	0	0	1	1	1	1	0	1	0	0	0	1	0	0	0	1	1	0	0	0	1	1	1	0	1	1	0	0	1	1	0	1	0	1	0	1	0	1	1	0
SEBI1533	1	0.96989161	0.03010839	1	1	0	0.96989161	1	0	0.96989161	0	0.96989161	1	1	1	1	0	1	0	0	0	1	0.726168224	0	0.726168224	1	1	0	0	0	0.259279778	1	1	0	1	1	0	0	1	1	0	1	0	1	0	1	0.72633268	1	1	0
SEBI1534	1	1	0.907921892	0.092078108	1	0	0.092078108	1	0	0.092078108	0.907921892	0.092078108	1	1	0.092078108	1	0	0.092078108	0	0	0	1	0.976678043	0	0	1	0.023321957	0	0	0	0.04070922	1	1	0	1	0.055650393	0.944349607	0	1	0.095364742	0.943389058	0.123254565	0	1	0	0.160178306	0.085501182	1	1	0
SEBI1535	1	0	1	1	1	0	0	1	0	0	0	0	1	1	1	1	0	1	0	0	0	1	1	0	0	1	1	1	0	0	1	1	1	0	1	1	0	0	1	1	0	1	0	1	0	1	1	1	1	0
SEBI1536	1	1	0	1	0	0	0	1	0	1	0	0	1	0	1	0	0	1	0	0	0	1	0	0	0	1	1	0	0	0	0.021905516	1	1	0	1	1	0	0	1	1	1	0	0	1	0	1	0.961911521	-1	-1	-1
SEBI1537	1	0.478535863	0.521464137	1	1	0	0.478535863	1	0	0.478535863	0	0.478535863	1	1	1	1	0	1	0	0	0	1	1	0	0.507200506	1	0.507200506	0	0.034574863	0	0.034574863	1	1	0	1	1	0	0	1	1	1	0	0	1	0	1	1	1	1	0
SEBI1538	1	0	1	1	1	0	0	1	0	0	0	0	1	1	1	1	0	1	0	0	0	1	1	0	0	1	0.049037304	0.049037304	0	0	0	1	1	0	1	1	0	0	1	1	1	1	0	1	0	1	0	1	1	0
SEBI1539	1	1	0	1	0	0	0	1	0	1	0	0	1	0	1	0	0	1	0	0	0	1	1	0	0	1	1	1	0	0	0	1	1	0	1	1	0	0	1	1	1	1	0	0	0	1	0	0	1	0
SEBI1540	1	1	0	1	1	0	0	1	0	0	1	0	0	1	1	0	0	0	0	0	0	1	1	1	0	1	1	0	0	0	1	1	1	0	1	1	0	0	1	1	1	1	1	1	0	1	1	0	1	0
SEBI1541	1	0	1	1	1	0	0	1	0	0	0	0	1	1	1	1	0	1	0	0	0	1	0	0	0	1	1	0	0	0	1	1	1	0	1	0	0	0	1	1	1	1	1	1	0	1	1	1	1	0
SEBI1542	1	0	1	1	1	0	0	1	0	0	0	0	1	1	1	1	0	1	0	0	0	1	1	0	0	1	0	0	1	0	1	1	1	0	1	1	0	0	1	1	1	0	1	1	0	1	0	1	1	0
SEBI1543	1	1	0	1	1	0	1	1	0	1	0	1	1	1	1	1	0	1	0	0	0	1	1	0	0	1	1	1	0	0	1	1	1	0	1	1	0	0	1	1	1	0	0	1	0	1	1	1	1	0
SEBI1544	1	0	1	1	1	0	0	1	0	0	0	0	1	1	1	1	0	1	0	0	0	1	1	0	0	1	1	0	0	0	1	1	1	0	1	1	0	0	1	1	1	0	0	1	0	0	1	0.03021978	0.03021978	0
SEBI1545	1	0	1	1	1	0	0	1	0	0	0	0	1	1	1	1	0	1	0	0	0	1	0	0	0	1	1	0	0	0	0.97721519	1	1	0	1	1	0	0	1	1	0.021641791	1	0	1	0	1	0	1	1	0
SEBI1546	1	1	0	1	1	0	1	1	0	1	0	1	1	1	1	1	0	1	0	0	0	1	1	0	1	1	1	0	0	0	0	1	1	0	1	1	0	0	1	1	0	1	0	1	0	1	1	1	1	0
SEBI1547	1	1	0	1	1	0	1	1	0	1	0	1	1	1	1	1	0	1	0	0	0	1	1	0	0	1	1	1	0	0	0	1	1	0	1	1	0	0	1	0	1	1	1	1	0	1	0	0	0	0
SEBI1548	1	0	1	1	1	0	0	1	0	0	0	0	1	1	1	1	0	1	0	0	0	1	1	0	0	1	1	1	0	0	1	1	1	0	1	1	0	0	1	1	0	1	0	1	0	1	1	1	1	0
SEBI1549	1	0	1	1	1	0	0	1	0	0	1	0	1	1	1	1	0	1	0	0	0	1	0	0	0	1	1	0	0	0	1	1	1	0	1	1	0	0	1	1	1	0	0	1	0	1	1	1	1	0
SEBI1550	1	1	0	1	1	0	1	1	0	1	0	1	1	1	1	1	0	1	0	0	0	1	1	0	0	1	1	1	0	0	1	1	1	0	1	1	0	0	1	1	1	1	0	1	0	1	0	1	1	0
SEBI1551	1	1	0	1	1	0	1	1	0	1	0	1	1	1	1	1	0	1	0	0	0	1	1	0	0	0	1	0	0	0	0	1	1	0	1	1	0	0	1	1	0	1	0	1	0	1	1	1	1	0
SEBI1552	1	0.976048951	0.023951049	1	1	0	0.976048951	1	0	0.976048951	0	0.976048951	1	1	1	1	0	1	0	0	0	1	1	0	0	1	0	0	0	0	0.975830222	1	1	0	1	1	0	0	1	1	1	0.029761905	0	1	0	0.03518874	0	1	1	0
SEBI1553	1	1	0	1	1	0	1	1	0	1	0	1	1	1	1	1	0	1	0	0	0	1	1	0	0	1	1	1	0	0	1	1	1	0	1	1	0	0	1	1	1	0	0	1	0	1	1	1	1	0
SEBI1554	1	0.072746521	0.927253479	1	1	0	0.072746521	1	0	0.072746521	0.927253479	0.072746521	1	1	1	1	0	1	0	0	0	1	0.20342772	0	0.123695976	1	1	0.079731744	0	0	0.063360362	1	1	0	1	1	0	0	1	1	0.412257496	0	0.905186576	1	0	0.145084746	1	1	1	0
SEBI1555	1	0	1	1	1	0	0	1	0	0	0	0	1	1	1	1	0	1	0	0	0	1	0.952286282	0	0	1	1	0.952286282	0	1	0	1	1	0	1	1	0	0	0.950146628	1	0.958944282	0	0	1	0	1	1	1	1	0
SEBI1556	1	1	0	1	1	0	0.224227509	1	0	1	0	1	1	0.224227509	1	0.224227509	0.775772491	1	0	0	0	1	1	0.788086802	0.704384411	1	0.788086802	0	0	0	0	1	1	0	1	0	0	0	1	1	1	0	0	1	0	1	0.096175352	1	1	0
SEBI1557	1	0	1	1	1	0	0	1	0	0	1	0	1	1	1	1	0	1	0	0	0	1	1	0	1	1	1	0	0	0	0	1	1	0	1	1	0	0	0	1	1	1	0	1	0	0	1	1	1	0
SEBI1558	1	1	1	1	1	1	0	1	0	1	0	1	1	0	1	0	1	1	0	0	0	1	0.128054101	0	0.058027923	1	0.968586387	0.038612565	0	0	0	1	1	0	1	1	0	0	1	1	1	0.076823757	0.972885733	1	0	1	0.946637427	0.764705882	0.764705882	0
SEBI1559	1	1	0	1	1	0	1	1	0	1	0	1	1	1	1	1	0	1	0	0	0	1	1	0	0	1	0	0	0	0	0.884177546	1	1	0	1	1	0	0	1	0.90701371	1	1	0	1	0	0.277848101	0	1	1	0
SEBI1560	1	0	1	1	1	0	0	1	0	0	0	0	1	1	1	1	0	1	0	0	0	1	1	0	0.712940505	1	1	0.287059495	0	0	0	1	1	0	1	1	0	0	1	1	1	0.979770899	0.979770899	1	0	1	1	1	1	0
SEBI1561	1	0	1	1	1	0	0	1	0	0	0	0	1	1	1	1	0	1	0	0	0	1	1	0	0	1	0	0	0	1	0	1	1	0	0.959021407	0.959021407	0	0	1	1	1	0	1	1	0	1	0	1	1	0
SEBI1562	1	1	0	1	1	0	1	1	0	1	0	1	1	1	1	1	0	1	0	0	0	1	0.916576381	0.079089924	0.02383532	1	0.958829902	0.77248104	0	0	1	1	1	0	0.959972395	0.866114562	0.026915114	0	1	1	1	-1	-1	1	0	1	0.033557047	-1	-1	-1
SEBI1563	-1	-1	-1	-1	-1	-1	-1	-1	-1	-1	-1	-1	-1	-1	-1	-1	-1	-1	0	0	0	1	1	0	0	1	1	0.909487988	-1	-1	-1	-1	1	0	1	0.098834294	0	-1	-1	-1	-1	0	0	-1	-1	-1	0.938510991	0.594276094	0.594276094	0
SEBI1564	1	0	1	1	1	0	0	1	0	0	0	0	1	1	1	1	0	1	0	0	0	1	1	0	0	0	1	0	0	1	0	1	1	0	1	1	0	0	1	1	1	1	1	1	0	1	1	1	1	0
SEBI1565	1	1	0	1	1	0	1	1	0	1	0	1	1	1	1	1	0	1	0	0	0	1	1	0	1	1	1	0	0	0	0	1	1	0	1	1	0	0	1	1	0	1	0	1	0	1	1	1	1	0
SEBI1566	1	0.151623516	0.848376484	1	1	0	0.151623516	1	0	0.151623516	0	0.151623516	1	1	1	1	0	1	0	0	0	1	0.147866073	0	0.037649088	1	0.950423911	0.060640897	0	0	0.037392696	1	1	0	1	1	0	0	1	0.792546026	1	0.085060449	0.920984456	1	0	0.949316629	0.972688069	0.660978385	0.660978385	0
SEBI1567	1	1	0	1	1	0	1	1	0	1	0	1	1	1	1	1	0	1	0	0	0	1	1	0	0	1	0	0	0	0	1	1	1	0	1	1	0	0	1	1	1	0.96969697	0.035984848	1	0	0	0	1	1	0
SEBI1568	1	0.696697284	0.303302716	1	1	0	0.696697284	1	0	0.696697284	0	0.696697284	1	1	1	1	0	1	0	0	0	1	1	0	0.673526334	1	1	0.326473666	0	0	0	1	1	0	1	1	0	0	1	0.021050393	1	1	1	1	0	1	1	1	1	0
SEBI1569	1	0	1	1	1	0	0	1	0	0	0	0	1	1	1	1	0	1	0	0	0	1	1	0	0	1	0	0	0.860494881	0	0.860494881	1	1	0	1	1	0	0	1	1	1	0	1	1	0	1	0.038418079	1	1	0
SEBI1570	1	0	1	1	1	0	0	1	0	0	0	0	1	1	1	1	0	1	0	0	0	1	0.927927928	0	0	1	1	0.865615616	0.10265896	0	0.844855491	1	1	0	0.975331201	0.88487894	0.026039287	0	1	1	0	-1	-1	1	0	1	0.305841924	-1	-1	-1
SEBI1571	1	0.10964005	0.89035995	1	1	0	0.10964005	1	0	0.10964005	0.89035995	0.10964005	1	1	1	1	0	1	0	0	0	1	1	0	0	1	1	0.911088911	0	0	0.122144985	1	1	0	1	0.110710711	0	0	1	0.085672798	1	0.027586207	0.027586207	1	0	0.323366556	0.932857606	-1	-1	-1
SEBI1572	1	0	1	1	1	0	0	1	0	0	1	0	1	1	1	1	0	1	0	0	0	1	1	0	0	0	1	0	0	0	1	1	1	0	1	1	0	0	1	1	1	1	1	1	0	1	1	1	1	0
SEBI1573	1	0.953703704	0.617446394	1	0.912037037	0.571150097	0.294590643	1	0	0.953703704	0	0.865740741	1	0.34088694	1	0.34088694	0.571150097	1	0	0	0	1	0.862710878	0.045956952	0.226294357	0.955206515	1	0.545666085	0	0	0.776874619	1	1	0	0.955234657	0.955234657	0	0	1	1	0.716674865	0.853742968	0.570748594	0.889952153	0	0.63676236	0.464788732	0.961267606	0.919014085	0
SEBI1574	1	0	1	1	1	0	0	1	0	0	0.938538781	0	1	1	1	1	0	1	0	0	0	1	0.084535663	0	0	1	1	0.084535663	0.797917942	0.202082058	0	1	1	0	1	0.269395781	0	0	1	1	1	0.192719486	0	1	0	1	0.979697067	0.460626588	0.460626588	0
SEBI1575	1	0	1	1	1	0	0	1	0	0	0	0	1	1	1	1	0	1	0	0	0	1	1	0	0	1	1	1	0	0	1	1	1	0	1	1	0	0	1	1	0	1	0	1	0	1	1	1	1	0
SEBI1576	1	0	1	1	1	0	0	1	0	0	0	0	1	1	1	1	0	1	-1	-1	-1	-1	-1	-1	-1	-1	-1	-1	0	0	1	1	1	0	1	1	0	0	1	1	0	1	0	1	0	1	0	-1	-1	-1
SEBI1577	1	0	1	1	1	0	0	1	0	0	0	0	1	1	1	1	0	1	0	0	0	1	1	0	0	1	1	1	0	0	1	1	1	0	1	1	0	0	1	1	0	1	0	1	0	0	1	1	1	0
SEBI1578	0	1	0	1	1	0	1	1	0	1	0	0	1	0	0	0	0	1	0	0	0	1	1	0	0	0	1	0	0	0	1	1	1	0	1	1	0	0	1	1	0	1	0	1	0	1	1	1	1	0
SEBI1579	1	1	0	1	1	0	1	1	0	1	0	1	1	1	1	1	0	1	0	0	0	1	0.804998457	0	0	1	1	0.804998457	0	0	0.78908849	1	1	0	1	1	0	0	1	1	0.978839005	0	0	1	0	1	0.850916822	1	1	0
SEBI1580	1	1	1	1	1	1	0	1	0	1	0	1	1	0	1	0	1	1	0	0	0	1	0	0	0	1	1	0	0	0	1	1	1	0	1	1	0	0	1	1	1	1	1	1	0	1	0	1	1	0
SEBI1581	1	0	1	1	1	0	0	1	0	0	1	0	1	1	1	1	0	1	0	0	0	1	1	0	0	0	1	0	0	0	1	1	1	0	1	1	0	0	1	1	1	1	1	1	0	1	1	1	1	0
SEBI1582	1	1	0	1	1	0	1	1	0	1	0	1	1	1	1	1	0	1	0	0	0	1	0	0	0	1	1	0	0	0	0	1	1	0	1	1	0	0	1	1	1	1	0	1	0	1	1	0	1	0
SEBI1583	1	0.854231687	0.145768313	1	1	0	0.854231687	1	0	0.854231687	0	0.854231687	1	1	1	1	0	1	0	0	0	1	0.938245315	0	0.831771721	1	1	0	0	0.155951155	0	1	1	0	1	1	0	0	1	1	0.191622627	0.858028518	0	1	0	0.960047562	0.890047728	1	1	0
SEBI1584	0.229249595	0.770750405	0.229249595	1	1	0	0.770750405	1	0	0.770750405	0	0	1	0.229249595	0.229249595	0.229249595	0	1	0	0	0	1	0	0	0	1	1	0	0	0.776597628	0.223402372	1	1	0	1	1	0	0	1	1	1	1	0.545390735	1	0	0.42087156	0.585778483	1	1	0
SEBI1585	1	1	0	1	0	0	0	1	0	1	0	0	1	0	1	0	0	1	0	0	0	1	1	0	0	1	1	1	0	0	0	1	1	0	1	1	0	0	1	1	1	1	0	0	0	1	0	0	1	0
SEBI1586	1	0	1	1	1	0	0	1	0	0	0	0	1	1	1	1	0	1	0	0	0	1	1	0	0	1	1	1	1	0	0	1	1	0	1	1	0	0	1	1	1	0	0	1	0	1	0	0	0	0
SEBI1587	1	0	1	1	1	0	0	1	0	0	0	0	1	1	1	1	0	1	0	0	0	1	0	0	0	1	1	0	0	0	1	1	1	0	1	1	0	0	1	1	1	0.147165259	1	1	0	1	0.52373057	1	1	0
SEBI1588	1	0.967017683	0	1	1	0	0.926485198	0.959467514	0.040532486	1	0	0.967017683	1	0.959467514	1	0.959467514	0.040532486	0.967017683	0	0	0	1	0.855161159	0.069767442	0	1	0.303141575	0	0.045552213	0	0.886549205	1	1	0	0.963998391	0.771319389	0.055711987	0	1	1	0.967969598	0.848484848	0.105050505	1	0	0.171708913	0.123346304	1	1	0
SEBI1589	1	0	1	1	1	0	0	1	0	0	0	0	1	1	1	1	0	1	0	0	0	1	1	0	1	1	1	0	0	0	1	1	1	0	1	1	0	0	1	1	1	1	0	1	0	1	0	1	1	0
SEBI1590	1	0	1	1	1	0	0	1	0	0	0	0	1	1	1	1	0	1	0	0	0	1	1	0	0	1	1	1	0	0	1	1	1	0	1	1	0	0	1	1	1	1	1	1	0	1	1	1	1	0
SEBI1591	1	1	0	1	0	0	0	1	0	1	0	0	1	0	1	0	0	1	0	0	0	1	0.453946129	0	0	1	1	0.453946129	0.174751044	0	0.825248956	1	1	0	1	1	0	0	1	1	1	1	0.931027341	1	0	0.841601393	1	0.724832215	1	0
SEBI1592	1	1	0	1	1	0	1	1	0	1	0	1	1	1	1	1	0	1	0	0	0	1	0	0	0	1	1	0	0	0	0	1	1	0	1	1	0	0	1	1	1	0	0	1	0	1	0	0	1	0
Phem4	1	0	1	1	1	0	0	1	0	0	1	0	1	1	1	1	0	1	0	0	0	1	1	0	0	1	0	0	0	1	0	1	1	0	1	1	0	0	1	1	0	1	0	1	0	1	1	1	1	0
Phem5	1	0	1	1	1	0	0	1	0	0	1	0	1	1	1	1	0	1	0	0	0	1	0	0	0	1	1	0	0	0	0	1	1	0	1	1	0	0	1	1	1	1	0	1	0	1	1	1	1	0
Phem6	0.753694581	0.371921182	0.628078818	1	1	0	0.371921182	1	0	0.371921182	0	0.125615764	1	0.685221675	0.753694581	0.685221675	0.068472906	1	0	0	0	1	0.197869955	0	0	0.867713004	0.93441704	0	0	0	0.775590551	1	1	0	1	1	0	0	1	0.778540773	1	0.805970149	0	1	0	0.474518686	0.692919075	1	1	0
Phem7	1	0	1	1	1	0	0	1	0	0	1	0	1	1	1	1	0	1	0	0	0	1	1	0	0	0	1	0	0	1	0	1	1	0	1	1	0	0	1	1	1	1	0	1	0	1	1	1	1	0
AMAN030929	0	1	0	1	1	0	1	1	0	1	0	0	1	0	0	0	0	1	0	0	0	1	1	0	0	0.978484155	0.021515845	0	0	0	1	1	1	0	1	1	0	0	1	1	1	1	0.95665265	1	0	1	0.024054983	0.25617711	0.25617711	0
AMAN030930	-1	-1	-1	-1	-1	-1	-1	-1	-1	-1	-1	-1	-1	-1	-1	-1	-1	-1	-1	-1	-1	-1	-1	-1	-1	-1	-1	-1	-1	-1	-1	-1	-1	-1	-1	-1	-1	-1	-1	-1	-1	-1	-1	-1	-1	-1	-1	-1	-1	-1
AMAN030931	1	1	0	1	1	0	1	1	0	1	0	1	1	0	1	0	1	1	0	0	0	1	0	0	0	1	1	0	0	0	1	1	1	0	1	1	0	0	1	1	1	1	0	1	0	0	0	1	1	0
AMAN030932	1	0	1	1	1	0	0	1	0	0	1	0	1	1	1	1	0	1	0	0	0	1	0.93466899	0.043844367	0	1	1	0	0	0	1	1	1	0	0.966697936	0.882973734	0.027673546	0	1	1	1	0.021126761	0.021126761	1	0	1	0.10611561	1	1	0
AMAN030933	0.661716172	1	0	1	1	0	1	1	0	1	0	0.661716172	1	0	0.661716172	0	0.661716172	1	0	0	0	1	0.317910448	0	0	1	1	0	0	0	1	1	1	0	1	1	0	0	1	1	1	0.62295082	0	1	0	0.381838074	0	0.938517179	0.938517179	0
AMAN030934	0.543626004	1	0	1	0.456373996	0	0.456373996	1	0	1	0	0	1	0	0.543626004	0	0	1	0	0	0	1	0	0	0	1	1	0	0	0	1	1	1	0	1	1	0	0	1	1	1	1	1	1	0	1	0.023508743	0	0	0
AMAN030935	1	1	0	1	0.955128205	0	0.955128205	1	0	1	0	0.955128205	1	0.955128205	1	0.955128205	0	1	0	0	0	1	0	0	0	1	1	0	0	0	1	1	-1	-1	-1	-1	-1	-1	-1	-1	-1	-1	-1	-1	-1	-1	-1	-1	-1	-1
AMAN030936	1	0	1	1	1	0	0	1	0	0	0	0	1	1	1	1	0	1	0	0	0	1	1	0	0	0	1	0	0	1	0	1	1	0	1	1	0	0	1	1	1	1	0	1	0	1	1	1	1	0
AMAN030937	1	0	1	1	1	0	0	1	0	0	0	0	1	1	1	1	0	1	0	0	0	1	0.954396423	0	0	0.171505216	0.874098361	0	0	1	0	1	1	0	1	1	0	0	1	1	1	1	0.126008607	1	0	1	0.865226932	1	1	0
AMAN030938	0.96380597	0.963899254	0.036100746	1	0.072294776	0	0.03619403	1	0	0.963899254	0	0	1	0.036100746	0.96380597	0.036100746	0	1	0	0	0	1	0.132511303	0.074969174	0	1	1	0	0.03399915	0	0.927326817	1	1	0	1	0.120946264	0.703326544	0	1	1	0.967007964	0.864254492	0.249392909	1	0	0.971403038	0.069753518	0.549815498	0.549815498	0
AMAN030939	1	1	0	1	0	0	0	1	0	1	0	0	1	0	1	0	0	1	0	0	0	1	0	0	0	1	1	0	0	0	0.964689266	1	1	0	1	0	0.799317406	0	1	1	0.970123023	0.70141844	0	1	0	0.957943925	0.028338245	-1	-1	-1
AMAN030940	1	0.971935398	0.028064602	1	0.050833995	0	0	1	0	0.971935398	0	0.022769394	1	0.028064602	1	0.028064602	0.022769394	1	0	0	0	1	0.108205128	0	0	1	1	0	0	0	0.948094079	1	1	0	0.890174472	0.129109275	0.761065197	0	1	1	1	0.904974016	0.161098738	1	0	1	0.129273504	-1	-1	-1
AMAN030941	0.873653566	0.876273654	0.245997089	0.907423581	0.691994178	0.029694323	0.264628821	0.909461426	0.06084425	0.584570597	0.15342067	0.25356623	1	0.542358079	0.581950509	0.542358079	0.084133916	0.841339156	0	0	0	1	0.457010582	0.059303351	0.030864198	1	0.919091711	0	0.124444444	0	0.684444444	1	1	0	0.761023669	0.380031239	0.227321879	0.050218341	0.969432314	0.962882096	0.890829694	0.436312456	0.389162562	1	0	0.861952862	0.451276421	-1	-1	-1
AMAN030942	0.879818594	0.829931973	0.193310658	0.951814059	0.610544218	0	0.237528345	0.946712018	0.053287982	0.659863946	0.077664399	0.246031746	1	0.420634921	0.684807256	0.420634921	0.099206349	0.900793651	0	0	0	0.950149551	0.479893652	0.221003656	0	1	0.952808242	0.033898305	0.068376068	0	0.612942613	1	1	0	0.848222863	0.272265679	0.264717991	0	1	0.934065934	0.886446886	0.596296296	0.47962963	-1	-1	-1	0.455639768	-1	-1	-1
AMAN030943	1	0	1	1	1	0	0	1	0	0	1	0	1	1	1	1	0	1	0	0	0	1	1	0	0	1	1	0	0	0	1	1	1	0	1	0.977831325	0	-1	-1	-1	-1	0	0	-1	-1	-1	0.022087338	1	1	0
AMAN030944	1	0	1	1	1	0	0	1	0	0	1	0	1	1	1	1	0	1	0	0	0	1	1	0	0	1	1	0	0	0	1	1	1	0	1	1	0	0	1	1	1	0	0	1	0	1	0	1	1	0
AMAN030945	0.976075192	0.057533466	0.942466534	1	1	0	0.057533466	1	0	0.023924808	0.90743378	0.033608659	1	0.976075192	0.942466534	0.976075192	0	1	0	0	0	1	0.838623582	0.035363645	0	0.894004385	0.732437327	0	0	0	0.9425	1	1	0	0.967493378	0.87382615	0.039489526	0	1	1	1	0.459567901	0.243364198	1	0	1	0.180618975	0.943684005	0.943684005	0
AMAN030946	1	0	1	1	1	0	0	1	0	0	1	0	1	1	1	1	0	1	0	0	0	1	1	0	0	1	1	0	0	0	1	1	1	0	1	1	0	0	1	1	1	0	0	1	0	1	0	1	1	0
AMAN030947	1	0	1	1	1	0	0	1	0	0	1	0	1	1	1	1	0	1	0	0	0	1	1	0	0	1	1	0	0	0	1	1	1	0	1	1	0	0	1	1	1	0	0	1	0	1	0	1	1	0
AMAN030948	1	1	0	1	0	0	0	1	0	1	0	0	1	0	1	0	0	1	0	1	0	1	1	0	0	1	1	0	0	0	0	1	1	0	1	1	0	0	1	1	0	0	0	1	0	1	0	0	0	0
AMAN030949	1	1	0	1	0	0	0	1	0	1	0	0	1	0	1	0	0	1	0	1	0	1	1	0	0	1	1	0	0	0	0	1	1	0	1	1	0	0	1	1	0	0	0	1	0	1	0	0	0	0
AMAN030950	1	1	0	1	0	0	0	1	0	1	0	0	1	0	1	0	0	1	0	1	0	1	1	0	0	1	1	0	0	0	0	1	1	0	1	1	0	0	1	1	0	0	0	1	0	1	0	0.021959459	0	0
AMAN030951	1	1	0	1	0	0	0	1	0	1	0	0	1	0	1	0	0	1	0	1	0	1	1	0	0	1	1	0	0	0	0	1	1	0	1	1	0	0	1	1	0	0	0	1	0	1	0	0	0	0
AMAN030952	1	1	0	1	0	0	0	1	0	1	0	0	1	0	1	0	0	1	0	1	0	1	1	0	0	1	1	0	0	0	0	1	1	0	1	1	0	0	1	1	0	0	0	1	0	1	0	0	0	0
AMAN030953	1	1	0	1	0	0	0	1	0	1	0	0	1	0	1	0	0	1	0	0.869685562	0	1	0.969663419	0	0	1	0.937887511	0	0	0	0	1	1	0	1	1	0	0	1	1	0	0.107271306	0.05848319	1	0	1	0	0.432038835	0.432038835	0
AMAN030954	-1	-1	-1	-1	-1	-1	-1	-1	-1	-1	-1	-1	-1	-1	-1	-1	-1	-1	-1	-1	-1	-1	-1	-1	-1	-1	-1	-1	-1	-1	-1	-1	-1	-1	-1	-1	-1	-1	-1	-1	-1	-1	-1	-1	-1	-1	-1	-1	-1	-1
AMAN030955	-1	-1	-1	-1	-1	-1	-1	-1	-1	-1	-1	-1	-1	-1	-1	-1	-1	-1	-1	-1	-1	-1	-1	-1	-1	-1	-1	-1	-1	-1	-1	-1	-1	-1	-1	-1	-1	-1	-1	-1	-1	-1	-1	-1	-1	-1	-1	-1	-1	-1
AMAN030956	1	0	1	1	1	0	0	1	0	0	1	0	1	1	1	1	0	1	0	0	0	1	1	0	0	1	1	0	1	0	0	1	1	0	1	0	0	-1	-1	-1	-1	0	0	-1	-1	-1	0	1	1	0
AMAN030957	1	0	1	1	1	0	0	1	0	0	1	0	1	1	1	1	0	1	0	0	0	1	1	0	0	1	1	0	1	0	0	1	1	0	0.978200112	0	0	0	1	1	1	0	0	1	0	0	0	1	1	0
AMAN030958	1	0	1	1	1	0	0	1	0	0	1	0	1	1	1	1	0	1	0	0	0	1	1	0	0	1	1	0	1	0	0	1	1	0	1	0	0	0	1	1	1	0	0	1	0	0	0	1	1	0
AMAN030959	-1	-1	-1	-1	-1	-1	-1	-1	-1	-1	-1	-1	-1	-1	-1	-1	-1	-1	0	0	0	1	1	0	0	1	1	0	-1	-1	-1	-1	-1	-1	-1	-1	-1	-1	-1	-1	-1	-1	-1	-1	-1	-1	-1	-1	-1	-1
AMAN030960	1	0.1125	0.8875	1	1	0	0	1	0	0.1125	0.8875	0.1125	1	0.8875	1	0.8875	0.1125	1	0	0	0	1	1	0	0	1	1	0	0.869653768	0	0.130346232	1	1	0	1	0	0	0	1	1	1	-1	-1	-1	-1	-1	0.12749004	-1	-1	-1
AMAN030961	1	0	1	1	1	0	0	1	0	0	1	0	1	1	1	1	0	1	0	0.029643752	0	1	0.977795223	0	0	1	0.959066951	0	1	0	0	1	1	0	1	0.206476975	0	0	1	1	1	0.08344321	0.037860237	1	0	0	0	1	1	0
AMAN030962	-1	-1	-1	-1	-1	-1	-1	-1	-1	-1	-1	-1	-1	-1	-1	-1	-1	-1	-1	-1	-1	-1	-1	-1	-1	-1	-1	-1	-1	-1	-1	-1	-1	-1	-1	-1	-1	-1	-1	-1	-1	-1	-1	-1	-1	-1	-1	-1	-1	-1
AMAN030963	-1	-1	-1	-1	-1	-1	-1	-1	-1	-1	-1	-1	-1	-1	-1	-1	-1	-1	-1	-1	-1	-1	-1	-1	-1	-1	-1	-1	-1	-1	-1	-1	-1	-1	-1	-1	-1	-1	-1	-1	-1	-1	-1	-1	-1	-1	-1	-1	-1	-1
AMAN030964	0	1	0	1	1	0	1	1	0	1	0	0	1	0	0	0	0	1	0	0	0	1	0	0	0	1	1	0	-1	-1	-1	-1	1	0	1	1	0	-1	-1	-1	-1	0	0	-1	-1	-1	0	1	1	0
AMAN030965	-1	-1	-1	-1	-1	-1	-1	-1	-1	-1	-1	-1	-1	-1	-1	-1	-1	-1	-1	-1	-1	-1	-1	-1	-1	-1	-1	-1	-1	-1	-1	-1	-1	-1	-1	-1	-1	-1	-1	-1	-1	-1	-1	-1	-1	-1	-1	-1	-1	-1
AMAN030966	1	1	0	1	1	0	0	1	0	1	0	1	1	0	1	0	1	1	0	0	0	1	1	0	0	1	1	0	0	0	0	0	0	0	1	0	0	0	1	1	1	1	0	1	0	0	1	0	0	0
AMAN030967	0	1	0	1	1	0	1	1	0	1	0	0	1	0	0	0	0	1	0	0	0	1	0	0	0	1	1	0	0	0	1	1	1	0	1	1	0	0	1	1	1	0	0	-1	-1	-1	0	1	1	0
AMAN030968	0	1	0	1	1	0	1	1	0	1	0	0	1	0	0	0	0	1	0	0	0	1	0	0	0	1	1	0	-1	-1	-1	-1	1	0	1	1	0	-1	-1	-1	-1	0	0	-1	-1	-1	0	1	1	0
AMAN030969	0	1	0	1	1	0	1	1	0	1	0	0	1	0	0	0	0	1	0	0	0	1	0.02426606	0	0	1	1	0	0	0	1	1	1	0	1	1	0	0	1	1	1	0	0	1	0	0	0.02378551	1	1	0
AMAN030970	0	1	0	1	1	0	1	1	0	1	0	0	1	0	0	0	0	1	0	0	0	1	0	0	0	1	1	0	-1	-1	-1	-1	1	0	1	1	0	-1	-1	-1	-1	0	0	-1	-1	-1	0	1	1	0
AMAN030971	1	1	0	1	0	0	0	1	0	1	0	0	1	0	1	0	0	1	0	0	0	1	0.919855378	0.037812594	0	1	0.117957216	0	0.912846998	0	0.945771465	1	1	0	0.968846913	0.078517057	0.890329856	0	1	1	0.105376344	0	0	1	0	1	0.920149507	-1	-1	-1
AMAN030972	1	1	0	1	0	0	0	1	0	1	0	0	1	0	1	0	0	1	0	0	0	1	0.970406056	0	0	1	0.029593944	0	1	0	1	1	1	0	1	0	1	-1	-1	-1	-1	-1	-1	-1	-1	-1	1	-1	-1	-1
AMAN030973	1	1	0	1	0	0	0	1	0	1	0	0	1	0	1	0	0	1	0	0	0	1	1	0	0	1	0	0	1	0	1	1	1	0	1	0	1	0	1	1	0	0	0	1	0	1	1	0	0	0.169329073
AMAN030974	1	1	0	1	0	0	0	1	0	1	0	0	1	0	1	0	0	1	0	0	0	1	1	0	0	1	0.026986507	0	-1	-1	-1	-1	1	0	1	0	0.965147453	-1	-1	-1	-1	-1	-1	-1	-1	-1	1	-1	-1	-1
AMAN030975	1	1	0	1	0	0	0	1	0	1	0	0	1	0	1	0	0	1	0	0	0.030968468	1	1	0	0	1	0	0	1	0	1	1	1	0	1	0	1	0	1	0.971428571	0.028571429	0	0	1	0	1	0.95750892	0	0	0
AMAN030976	0.977044371	1	0	1	0.022955629	0	0.022955629	1	0	1	0	0	1	0	0.977044371	0	0	1	0	0	0	1	1	0	0	1	0.038040061	0	1	0	1	1	1	0	1	0.025643196	0.974356804	0	1	1	0	0	0	1	0	1	0.966237274	0.102695764	0.102695764	0
AMAN030977	1	1	0	1	0	0	0	1	0	1	0	0	1	0	1	0	0	1	0	0	0	1	1	0	0.967121409	1	0.967121409	0	0	0	1	1	1	0	1	1	0	0	1	1	0	0	0	1	0	0.020072054	0.033555277	1	1	0
AMAN030978	1	1	0	1	0	0	0	1	0	1	0	0	1	0	1	0	0	1	0	0	0	1	1	0	0	1	0	0	1	0	1	1	1	0	1	0	1	-1	-1	-1	-1	0	0	-1	-1	-1	1	-1	-1	-1
AMAN030979	1	1	0	1	0	0	0	1	0	1	0	0	1	0	1	0	0	1	0	0	0	1	1	0	0	1	0	0	-1	-1	-1	-1	1	0	1	0	1	-1	-1	-1	-1	0	0	-1	-1	-1	1	0	0	0
AMAN030980	1	1	0	1	0	0	0	1	0	1	0	0	1	0	1	0	0	1	0	0	0	1	1	0	0	1	0	0	1	0	1	1	1	0	1	0.05734767	0.94265233	0	1	1	0	0	0	1	0	1	1	0	0	0
AMAN030981	0.930572473	1	0	1	0.069427527	0	0.069427527	1	0	1	0	0	1	0	0.930572473	0	0	1	0	0	0	1	0.944337812	0.097888676	0.047024952	1	0.270953295	0	0.9687738	0	0.93907083	1	1	0	0.916057234	0	0.873449921	0	1	0.960507757	0.174894217	0.058265583	0.058265583	1	0	1	0.930907604	-1	-1	-1
AMAN030982	-1	-1	-1	-1	-1	-1	-1	-1	-1	-1	-1	-1	-1	-1	-1	-1	-1	-1	-1	-1	-1	-1	-1	-1	-1	-1	-1	-1	-1	-1	-1	-1	-1	-1	-1	-1	-1	-1	-1	-1	-1	-1	-1	-1	-1	-1	-1	-1	-1	-1
AMAN030983	1	1	0	1	0	0	0	1	0	1	0	0	1	0	1	0	0	1	0	0	0.022923077	1	1	0	0.048769231	1	0.048769231	0	1	0	1	1	1	0	1	0	1	0	1	1	0	0	0	1	0	1	0.957644938	0.220496894	0.220496894	0
AMAN030984	1	1	0	1	0	0	0	1	0	1	0	0	1	0	1	0	0	1	0	0	0	1	1	0	1	1	1	0	0	0	1	1	1	0	1	1	0	0	1	1	0	0	0	1	0	0	0	1	1	0
AMAN030985	1	1	0	1	0	0	0	1	0	1	0	0	1	0	1	0	0	1	0	0	0	1	1	0	1	1	1	0	0	0	1	1	1	0	1	1	0	0	1	1	0	0	0	1	0	0	0	1	1	0
AMAN030986	1	1	0	1	0	0	0	1	0	1	0	0	1	0	1	0	0	1	0	0	0	1	1	0	1	1	1	0	0	0	1	1	1	0	1	1	0	0	1	1	0	0	0	1	0	0	0	1	1	0
AMAN030987	1	1	0	1	0	0	0	1	0	1	0	0	1	0	1	0	0	1	0	0	0	1	1	0	1	1	1	0	0	0	1	1	1	0	1	1	0	0	1	1	0	0	0	1	0	0	0	1	1	0
AMAN030988	1	1	0	1	0	0	0	1	0	1	0	0	1	0	1	0	0	1	0	0	0	1	1	0	1	1	1	0	0	0	1	1	1	0	1	1	0	0	1	1	0	0	0	1	0	0	0	1	1	0
AMAN030989	1	1	0	1	0	0	0	1	0	1	0	0	1	0	1	0	0	1	0	0	0	1	1	0	1	1	1	0	0	0	1	1	1	0	1	1	0	0	1	1	0	0	0	1	0	0	0	1	1	0
AMAN030990	1	1	0	1	0	0	0	1	0	1	0	0	1	0	1	0	0	1	0	0	0	1	1	0	1	1	1	0	0	0	1	1	1	0	1	1	0	0	1	1	0	0	0	1	0	0	0	1	1	0
AMAN030991	1	1	0	1	0	0	0	1	0	1	0	0	1	0	1	0	0	1	0	0	0	1	1	0	1	1	1	0	0	0	1	1	1	0	1	1	0	0	1	1	0	0	0	1	0	0	0	1	1	0
AMAN030992	1	1	0	1	0	0	0	1	0	1	0	0	1	0	1	0	0	1	0	0	0	1	1	0	1	1	1	0	0	0	1	1	1	0	1	1	0	0	1	1	0	0	0	1	0	0	0	1	1	0
AMAN030993	1	1	0	1	0	0	0	1	0	1	0	0	1	0	1	0	0	1	0	0	0	1	1	0	1	1	1	0	0	0	1	1	1	0	1	1	0	0	1	1	0	0	0	1	0	0	0	1	1	0
AMAN030994	1	1	0	1	0.424321674	0	0	1	0	1	0	0.424321674	1	0	1	0	0.424321674	1	0	0	0	1	1	0	0.40300727	1	1	0	0	0	1	1	1	0	1	0.51366815	0	0	1	1	0.613138686	0	0	1	0	0.813333333	0.626680455	0.932845745	0.932845745	0
AMAN030995	1	1	0	1	0.724789916	0	0	1	0	1	0	0.724789916	1	0	1	0	0.724789916	1	0	0	0	1	1	0	0.223956723	1	1	0	0	0	1	1	1	0	1	0.280674549	0	-1	-1	-1	-1	0	0	-1	-1	-1	0.781115108	0.816040956	0.816040956	0
AMAN030996	1	1	0	1	0.73368688	0	0	1	0	1	0	0.73368688	1	0	1	0	0.73368688	1	0	0	0	1	1	0	0.225487891	1	1	0	0	0	1	1	1	0	1	0.326167956	0	0	1	1	0.768788501	0	0	1	0	0.811603443	0.749477534	0.813186813	0.813186813	0
AMAN030997	1	1	0	1	0.678918462	0	0	1	0	1	0	0.678918462	1	0	1	0	0.678918462	1	0	0	0	1	1	0	0.286180853	1	1	0	0	0	1	1	1	0	1	0.355620671	0	0	1	1	0.744466801	0	0	1	0	0.843621399	0.724264706	0.824148297	0.824148297	0
AMAN030998	1	1	0	1	0.715663874	0	0	1	0	1	0	0.715663874	1	0	1	0	0.715663874	1	0	0	0	1	0.904065783	0.039173138	0.208885336	1	1	0	0	0	0.947010209	1	1	0	0.946440527	0.331399241	0.054675296	0	1	1	0.808201058	0.029112537	0.073876976	1	0	0.857766143	0.687377078	0.843672457	0.843672457	0
AMAN030999	1	1	0	1	0.640113798	0	0	1	0	1	0	0.640113798	1	0	1	0	0.640113798	1	0	0	0	1	1	0	0.338108562	1	1	0	0	0	1	1	1	0	1	0.46021021	0	0	1	1	0.720551378	0	0	1	0	0.833757422	0.721922449	0.927889207	0.927889207	0
AMAN031000	1	1	0	1	0.848995984	0	0	1	0	1	0	0.848995984	1	0	1	0	0.848995984	1	0	0	0	1	1	0	0.155692664	1	1	0	0	0	1	1	1	0	1	0.240682249	0	0	1	1	0.85272525	0	0	1	0	0.90560472	0.871755558	0.739408009	0.739408009	0
AMAN031001	1	1	0	1	1	0	0	1	0	1	0	1	1	0	1	0	1	1	0	0	0	1	1	0	0	1	1	0	0	0	1	1	1	0	1	0	0	0	1	1	1	0	0	1	0	1	1	0	0	0
AMAN031002	1	1	0	1	1	0	0	1	0	1	0	1	1	0	1	0	1	1	0	0	0	1	1	0	0	1	1	0	0	0	1	1	1	0	1	0	0	0	1	1	1	0	0	1	0	1	1	-1	-1	-1
AMAN031003	1	1	0	1	1	0	0	1	0	1	0	1	1	0	1	0	1	1	0	0	0	1	1	0	0	1	1	0	0	0	1	1	1	0	1	0	0	0	1	1	1	0	0	1	0	1	1	0	0	0
AMAN031004	0	1	0	1	1	0	1	1	0	1	0	0	1	0	0	0	0	1	0	0	0	1	1	0	0	1	1	0	0	0	1	1	1	0	1	1	0	0	1	1	1	0	0	1	0	0	1	1	1	0
AMAN031005	0	1	0	1	1	0	1	1	0	1	0	0	1	0	0	0	0	1	0	0	0	1	1	0	0	1	1	0	0	0	1	1	1	0	1	1	0	0	1	1	1	0	0	1	0	0	1	1	1	0
AMAN031006	-1	-1	-1	-1	-1	-1	-1	-1	-1	-1	-1	-1	-1	-1	-1	-1	-1	-1	-1	-1	-1	-1	-1	-1	-1	-1	-1	-1	-1	-1	-1	-1	-1	-1	-1	-1	-1	-1	-1	-1	-1	-1	-1	-1	-1	-1	-1	-1	-1	-1
AMAN031007	0	1	0	1	1	0	1	1	0	1	0	0	1	0	0	0	0	1	0	0	0	1	1	0	0	1	1	0	0	0	1	1	1	0	1	1	0	0	1	1	1	0	0	1	0	0	1	1	1	0
AMAN031008	0	1	0	1	1	0	1	1	0	1	0	0	1	0	0	0	0	1	0	0	0	1	1	0	0	1	1	0	0	0	1	1	1	0	1	1	0	0	1	1	1	0	0	1	0	0	1	1	1	0
AMAN031009	0	1	0	1	1	0	1	1	0	1	0	0	1	0	0	0	0	1	0	0	0	1	1	0	0	1	1	0	0	0	1	1	1	0	1	1	0	0	1	1	1	0	0	1	0	0	1	1	1	0
AMAN031010	0	1	0	1	1	0	1	1	0	1	0	0	1	0	0	0	0	1	0	0	0	1	1	0	0	1	1	0	0	0	1	1	1	0	1	1	0	0	1	1	1	0	0	1	0	0	1	1	1	0
AMAN031011	0	1	0	1	1	0	1	1	0	1	0	0	1	0	0	0	0	1	0	0	0	1	1	0	0	1	1	0	0	0	1	1	1	0	1	1	0	0	1	1	1	0	0	1	0	0	1	1	1	0
AMAN031012	0	1	0	1	1	0	1	1	0	1	0	0	1	0	0	0	0	1	0	0	0	1	1	0	0	1	1	0	0	0	1	1	1	0	1	1	0	-1	-1	-1	-1	0	0	-1	-1	-1	1	1	1	0
AMAN031013	0	1	0	1	1	0	1	1	0	1	0	0	1	0	0	0	0	1	0	0	0	1	1	0	0	1	1	0	0	0	1	1	1	0	1	1	0	0	1	1	1	0	0	1	0	0	1	1	1	0
AMAN031014	0	1	0	1	1	0	1	1	0	1	0	0	1	0	0	0	0	1	0	0	0	1	1	0	0	1	1	0	0	0	1	1	1	0	1	1	0	0	1	1	1	0	0	1	0	0	1	1	1	0
AMAN031015	0	1	0	1	1	0	1	1	0	1	0	0	1	0	0	0	0	1	0	0	0	1	1	0	0	1	1	0	0	0	1	1	1	0	1	1	0	0	1	1	1	0	0	1	0	0	1	1	1	0
AMAN031016	0	1	0	1	1	0	1	1	0	1	0	0	1	0	0	0	0	1	0	0	0	1	1	0	0	1	1	0	0	0	1	1	1	0	1	1	0	0	1	1	1	0	0	1	0	0	1	1	1	0
AMAN031017	0	1	0	1	1	0	1	1	0	1	0	0	1	0	0	0	0	1	0	0	0	1	1	0	0	1	1	0	0	0	1	1	1	0	1	0	0.033430134	0	1	1	1	1	0.072876712	1	0	0	1	0	0	0
AMAN031018	0	1	0	1	1	0	1	1	0	1	0	0	1	0	0	0	0	1	0	0	0	1	1	0	0	1	1	0	0	0	1	1	1	0	1	0.036414566	0.100840336	0	1	1	1	0.967069155	0.032930845	1	0	0	1	-1	-1	-1
AMAN031019	0	1	0	1	1	0	1	1	0	1	0	0	1	0	0	0	0	1	0	0	0	1	1	0	0	1	1	0	0	0	1	1	1	0	1	0	0	0	1	1	1	0.920653821	0	1	0	0	1	0	0	0
AMAN031020	0	1	0	1	1	0	1	1	0	1	0	0	1	0	0	0	0	1	0	0	0	1	1	0	0	1	1	0	0	0	1	1	1	0	1	0	0	0	1	1	1	0.93992572	0	1	0	0	1	0	0	0
Phem1	0	1	0	1	1	0	1	1	0	1	0	0	1	0	0	0	0	1	0	0	0	1	1	0	0	1	0	0	0	0	1	1	1	0	1	1	0	0	1	0	1	1	0	1	0	0	0	1	1	0
Phem2	1	0.296480847	0.703519153	1	1	0	0.296480847	1	0	0.296480847	0.703519153	0.296480847	1	1	1	1	0	1	0	0	0	1	0.054295533	0	0	0.945704467	1	0	0	0.08664445	0.91335555	1	1	0	1	1	0	0	1	1	1	0.742629855	0.257370145	1	0	1	1	1	1	0
Phem3	1	0	1	1	1	0	0	1	0	0	0	0	1	1	1	1	0	1	0	0	0	1	0	0	0	1	1	0	0	0	0	1	1	0	1	1	0	0	1	1	1	1	0	1	0	0	0	0	0	0
